C:/Users/Line/notremor/build-FP_RehabPlatform-Desktop_Qt_5_3_MSVC2012_OpenGL_32bit-Debug/debug/User/Subject0002/line/20141120112759.txt
30	5	4.83871	4.83871	4.83871	0	0	0	192	1728	1.5	0	0.99	0.99	0.99	0	0	0.99	0.99	1	0.99	0	0	1	0	0	0	1	0	0	0	1	8	8	2	2

6	960	0	958
11	960	0	958
16	960	0	959
21	960	0	959
26	960	0	959
31	960	0	960
36	960	0	960
41	960	0	960
46	960	0	961
51	960	0	961
56	960	0	961
61	960	0	962
66	960	0	962
71	960	0	962
76	960	0	963
81	960	0	963
86	960	0	963
91	960	0	964
96	960	0	964
102	960	0	964
111	960	0	964
116	960	0	965
121	960	0	965
126	960	0	965
131	960	0	965
136	960	0	965
141	960	0	965
146	960	0	965
151	960	0	965
156	960	0	965
161	960	0	965
166	960	0	965
171	960	0	965
176	960	0	965
181	960	0	965
186	960	0	965
191	960	0	965
196	960	0	965
201	960	0	965
206	960	0	965
211	960	0	965
216	960	0	965
221	960	0	965
226	960	0	965
231	960	0	965
236	960	0	965
242	960	0	965
251	960	0	965
256	960	0	964
261	960	0	964
266	960	0	964
272	960	0	964
281	960	0	964
286	960	0	964
291	960	0	964
296	960	0	964
301	960	0	964
306	960	0	964
311	960	0	964
316	960	0	964
321	960	0	964
326	960	0	963
331	960	0	963
336	960	0	963
341	960	0	963
346	960	0	963
351	960	0	963
356	960	0	962
361	960	0	962
366	960	0	962
371	960	0	962
376	960	0	962
381	960	0	962
386	960	0	962
391	960	0	962
396	960	0	962
401	960	0	961
406	960	0	961
411	960	0	961
416	960	0	961
421	960	0	961
426	960	0	961
431	960	0	961
436	960	0	961
441	960	0	961
446	960	0	961
451	960	0	961
456	960	0	961
461	960	0	961
466	960	0	961
472	960	0	961
481	960	0	961
486	960	0	961
491	960	0	962
496	960	0	962
501	960	0	962
506	960	0	962
511	960	0	962
516	960	0	962
521	960	0	962
526	960	0	962
531	960	0	963
536	960	0	963
541	960	0	963
546	960	0	963
551	960	0	963
557	960	0	963
566	960	0	963
571	960	0	963
576	960	0	963
581	960	0	963
586	960	0	963
591	960	0	963
596	960	0	963
601	960	0	963
606	960	0	963
611	960	0	964
616	960	0	964
621	960	0	964
626	960	0	964
631	960	0	964
636	960	0	964
641	960	0	964
646	960	0	964
651	960	0	964
656	960	0	964
661	960	0	964
666	960	0	964
671	960	0	964
676	960	0	964
681	960	0	964
686	960	0	964
691	960	0	964
696	960	0	964
701	960	0	964
706	960	0	964
711	960	0	964
716	960	0	964
721	960	0	964
726	960	0	964
731	960	0	964
736	960	0	964
741	960	0	964
746	960	0	964
751	960	0	964
756	960	0	964
761	960	0	964
766	960	0	964
771	960	0	964
776	960	0	964
781	960	0	964
786	960	0	964
791	960	0	964
796	960	0	964
801	960	0	964
806	960	0	964
811	960	0	964
816	960	0	964
821	960	0	964
826	960	0	964
831	960	0	964
836	960	0	964
841	960	0	964
846	960	0	964
851	960	0	964
856	960	0	964
861	960	0	964
866	960	0	964
871	960	0	964
876	960	0	964
881	960	0	964
886	960	0	964
891	960	0	964
896	960	0	964
901	960	0	964
906	960	0	964
912	960	0	964
921	960	0	964
926	960	0	964
931	960	0	964
936	960	0	964
941	960	0	964
946	960	0	964
951	960	0	964
956	960	0	964
961	960	0	964
966	960	0	964
971	960	0	964
976	960	0	964
981	960	0	964
986	960	0	964
991	960	0	964
997	960	0	964
1002	960	0	964
1008	960	0	964
1017	960	0	964
1026	960	0	964
1031	960	0	964
1036	960	0	964
1041	960	0	964
1046	960	0	964
1051	960	0	964
1056	960	0	964
1061	960	0	964
1067	960	0	964
1076	960	0	965
1081	960	0	965
1086	960	0	965
1091	960	0	965
1096	960	0	965
1101	960	0	965
1106	960	0	965
1111	960	0	965
1116	960	0	965
1121	960	0	965
1126	960	0	965
1131	960	0	965
1136	960	0	965
1142	960	0	965
1151	960	0	965
1156	960	0	965
1161	960	0	965
1166	960	0	965
1171	960	0	965
1176	960	0	965
1181	960	0	965
1186	960	0	965
1191	960	0	965
1196	960	0	965
1201	960	0	965
1206	960	0	965
1211	960	0	965
1216	960	0	965
1221	960	0	965
1226	960	0	965
1231	960	0	965
1236	960	0	965
1241	960	0	965
1246	960	0	965
1251	960	0	965
1256	960	0	965
1261	960	0	965
1266	960	0	965
1271	960	0	965
1276	960	0	965
1281	960	0	965
1286	960	0	965
1291	960	0	965
1296	960	0	965
1301	960	0	965
1306	960	0	965
1311	960	0	965
1316	960	0	965
1321	960	0	965
1326	960	0	965
1331	960	0	965
1336	960	0	965
1341	960	0	965
1346	960	0	965
1351	960	0	965
1356	960	0	965
1361	960	0	965
1366	960	0	965
1371	960	0	965
1376	960	0	965
1381	960	0	965
1386	960	0	965
1391	960	0	965
1396	960	0	965
1401	960	0	965
1406	960	0	965
1411	960	0	965
1416	960	0	965
1421	960	0	965
1426	960	0	965
1431	960	0	965
1436	960	0	965
1441	960	0	965
1446	960	0	965
1451	960	0	965
1456	960	0	965
1461	960	0	965
1466	960	0	965
1471	960	0	965
1476	960	0	965
1481	960	0	965
1486	960	0	965
1491	960	0	965
1496	960	0	965
1501	960	0	965
1506	960	0	965
1511	960	0	965
1516	960	0	965
1521	960	0	965
1526	960	0	965
1531	960	0	965
1536	960	0	965
1541	960	0	965
1546	960	0	965
1551	960	0	965
1556	960	0	965
1561	960	0	965
1566	960	0	965
1571	960	0	965
1576	960	0	965
1581	960	0	965
1586	960	0	965
1593	960	0	965
1602	960	0	964
1608	960	0	964
1616	960	0	964
1621	960	0	964
1626	960	0	964
1631	960	0	964
1636	960	0	964
1641	960	0	964
1646	960	0	964
1652	960	0	964
1657	960	0	964
1662	960	0	964
1667	960	0	964
1672	960	0	964
1677	960	0	964
1682	960	0	964
1687	960	0	964
1692	960	0	964
1697	960	0	964
1702	960	0	964
1707	960	0	964
1712	960	0	964
1717	960	0	964
1722	960	0	964
1727	960	0	964
1732	960	0	964
1737	960	0	964
1742	960	0	964
1747	960	0	964
1752	960	0	964
1757	960	0	964
1766	960	0	964
1771	960	0	964
1776	960	0	964
1781	960	0	964
1786	960	0	964
1791	960	0	964
1796	960	0	964
1801	960	0	964
1806	960	0	964
1811	960	0	964
1816	960	0	964
1821	960	0	964
1826	960	0	964
1831	960	0	964
1836	960	0	964
1841	960	0	964
1846	960	0	964
1851	960	0	964
1856	960	0	964
1861	960	0	964
1866	960	0	964
1871	960	0	964
1876	960	0	964
1881	960	0	964
1886	960	0	964
1891	960	0	964
1896	960	0	964
1901	960	0	964
1906	960	0	964
1911	960	0	964
1916	960	0	964
1921	960	0	964
1926	960	0	964
1931	960	0	964
1936	960	0	964
1941	960	0	964
1946	960	0	964
1951	960	0	964
1956	960	0	964
1961	960	0	964
1966	960	0	964
1971	960	0	964
1976	960	0	964
1981	960	0	964
1986	960	0	964
1991	960	0	964
1997	960	0	964
2007	960	0	964
2016	960	0	964
2021	960	0	964
2026	960	0	964
2031	960	0	964
2036	960	0	964
2041	960	0	964
2046	960	0	964
2051	960	0	964
2056	960	0	964
2061	960	0	964
2066	960	0	964
2071	960	0	964
2076	960	0	964
2081	960	0	964
2086	960	0	964
2091	960	0	964
2096	960	0	964
2102	960	0	964
2111	960	0	964
2116	960	0	964
2121	960	0	964
2126	960	0	964
2131	960	0	964
2136	960	0	964
2141	960	0	964
2146	960	0	964
2151	960	0	964
2157	960	0	964
2166	960	0	964
2171	960	0	964
2176	960	0	964
2181	960	0	964
2186	960	0	964
2192	960	0	964
2197	960	0	964
2202	960	0	964
2207	960	0	964
2217	960	0	964
2222	960	0	964
2227	960	0	964
2232	960	0	964
2241	960	0	964
2246	960	0	964
2251	960	0	963
2256	960	0	963
2261	960	0	963
2266	960	0	963
2271	960	0	963
2276	960	0	963
2281	960	0	963
2286	960	0	963
2291	960	0	963
2296	960	0	962
2301	960	0	962
2306	960	0	962
2311	960	0	962
2316	960	0	962
2321	960	0	962
2326	960	0	962
2331	960	0	961
2336	960	0	961
2341	960	0	961
2346	960	0	961
2351	960	0	961
2356	960	0	961
2361	960	0	961
2366	960	0	961
2371	960	0	961
2376	960	0	961
2381	960	0	961
2386	960	0	961
2391	960	0	961
2396	960	0	961
2401	960	0	961
2406	960	0	961
2411	960	0	961
2416	960	0	961
2421	960	0	961
2426	960	0	961
2431	960	0	961
2436	960	0	961
2441	960	0	961
2446	960	0	961
2451	960	0	961
2456	960	0	961
2461	960	0	961
2466	960	0	961
2471	960	0	961
2476	960	0	961
2481	960	0	961
2486	960	0	961
2491	960	0	961
2496	960	0	961
2501	960	0	961
2506	960	0	961
2511	960	0	961
2516	960	0	961
2521	960	0	961
2526	960	0	961
2531	960	0	961
2536	960	0	961
2541	960	0	962
2546	960	0	962
2551	960	0	962
2556	960	0	962
2561	960	0	962
2566	960	0	962
2571	960	0	962
2576	960	0	962
2581	960	0	962
2586	960	0	962
2591	960	0	962
2596	960	0	962
2601	960	0	962
2606	960	0	962
2611	960	0	962
2616	960	0	962
2621	960	0	962
2626	960	0	962
2631	960	0	962
2636	960	0	962
2641	960	0	962
2646	960	0	962
2651	960	0	962
2656	960	0	962
2661	960	0	962
2666	960	0	962
2671	960	0	962
2676	960	0	962
2681	960	0	962
2686	960	0	962
2691	960	0	962
2696	960	0	962
2701	960	0	962
2706	960	0	962
2712	960	0	962
2721	960	0	962
2726	960	0	962
2731	960	0	962
2736	960	0	962
2741	960	0	962
2746	960	0	962
2751	960	0	962
2756	960	0	962
2761	960	0	962
2766	960	0	962
2771	960	0	962
2776	960	0	962
2781	960	0	962
2786	960	0	962
2791	960	0	962
2796	960	0	962
2801	960	0	962
2806	960	0	962
2811	960	0	962
2816	960	0	962
2821	960	0	962
2826	960	0	962
2831	960	0	962
2836	960	0	962
2841	960	0	962
2846	960	0	962
2851	960	0	962
2856	960	0	962
2861	960	0	962
2866	960	0	962
2871	960	0	962
2876	960	0	962
2881	960	0	962
2886	960	0	962
2891	960	0	962
2896	960	0	962
2901	960	0	962
2907	960	0	962
2916	960	0	961
2921	960	0	961
2926	960	0	961
2931	960	0	961
2936	960	0	961
2941	960	0	961
2946	960	0	961
2951	960	0	961
2956	960	0	961
2961	960	0	961
2966	960	0	961
2971	960	0	961
2977	960	0	961
2986	960	0	961
2991	960	0	961
2996	960	0	961
3001	960	0	961
3006	960	0	961
3011	960	0	961
3016	960	0	961
3021	960	0	961
3026	960	0	961
3031	960	0	961
3036	960	0	961
3041	960	0	961
3046	960	0	961
3051	960	0	961
3056	960	0	961
3061	960	0	961
3066	960	0	961
3071	960	0	961
3076	960	0	961
3081	960	0	961
3086	960	0	961
3091	960	0	961
3096	960	0	961
3101	960	0	961
3106	960	0	961
3111	960	0	961
3116	960	0	961
3121	960	0	961
3126	960	0	961
3131	960	0	961
3136	960	0	961
3141	960	0	961
3146	960	0	961
3151	960	0	961
3156	960	0	961
3161	960	0	961
3166	960	0	961
3171	960	0	961
3177	960	0	961
3186	960	0	961
3192	960	0	961
3197	960	0	961
3202	960	0	961
3207	960	0	961
3212	960	0	961
3217	960	0	961
3222	960	0	961
3231	960	0	961
3236	960	0	961
3241	960	0	961
3246	960	0	961
3251	960	0	961
3256	960	0	961
3261	960	0	961
3266	960	0	961
3271	960	0	961
3276	960	0	961
3281	960	0	961
3286	960	0	961
3291	960	0	961
3296	960	0	961
3301	960	0	961
3306	960	0	961
3311	960	0	961
3316	960	0	961
3321	960	0	961
3326	960	0	961
3331	960	0	961
3336	960	0	961
3341	960	0	961
3346	960	0	961
3351	960	0	961
3356	960	0	961
3361	960	0	961
3366	960	0	961
3371	960	0	961
3376	960	0	961
3381	960	0	961
3386	960	0	961
3391	960	0	961
3396	960	0	961
3401	960	0	961
3406	960	0	961
3411	960	0	961
3416	960	0	961
3421	960	0	961
3426	960	0	961
3431	960	0	961
3436	960	0	961
3441	960	0	961
3446	960	0	961
3451	960	0	961
3456	960	0	961
3461	960	0	961
3466	960	0	961
3471	960	0	961
3476	960	0	961
3481	960	0	961
3486	960	0	961
3491	960	0	961
3496	960	0	961
3501	960	0	961
3506	960	0	961
3511	960	0	961
3516	960	0	961
3521	960	0	961
3526	960	0	961
3532	960	0	961
3537	960	0	961
3546	960	0	961
3551	960	0	961
3556	960	0	961
3561	960	0	961
3568	960	0	961
3576	960	0	961
3581	960	0	961
3586	960	0	961
3591	960	0	961
3596	960	0	961
3601	960	0	961
3606	960	0	961
3611	960	0	961
3616	960	0	961
3622	960	0	961
3633	960	0	961
3641	960	0	961
3646	960	0	961
3651	960	0	961
3656	960	0	961
3661	960	0	961
3666	960	0	961
3671	960	0	961
3676	960	0	961
3681	960	0	961
3686	960	0	961
3692	960	0	961
3697	960	0	961
3702	960	0	961
3707	960	0	961
3712	960	0	961
3717	960	0	961
3726	960	0	961
3731	960	0	961
3736	960	0	961
3741	960	0	961
3746	960	0	961
3751	960	0	961
3756	960	0	961
3761	960	0	961
3766	960	0	961
3771	960	0	961
3776	960	0	961
3781	960	0	961
3786	960	0	961
3791	960	0	961
3796	960	0	961
3801	960	0	961
3806	960	0	961
3811	960	0	961
3816	960	0	961
3821	960	0	961
3826	960	0	961
3831	960	0	961
3836	960	0	961
3841	960	0	961
3846	960	0	961
3851	960	0	961
3856	960	0	961
3861	960	0	961
3866	960	0	961
3871	960	0	961
3876	960	0	961
3881	960	0	961
3886	960	0	961
3891	960	0	961
3896	960	0	961
3901	960	0	961
3906	960	0	961
3911	960	0	961
3916	960	0	961
3921	960	0	961
3926	960	0	961
3931	960	0	961
3936	960	0	961
3941	960	0	961
3946	960	0	961
3951	960	0	961
3956	960	0	961
3961	960	0	961
3966	960	0	961
3971	960	0	961
3976	960	0	961
3981	960	0	961
3986	960	0	961
3992	960	0	961
4001	960	0	961
4007	960	0	961
4016	960	0	961
4021	960	0	961
4026	960	0	961
4031	960	0	961
4036	960	0	961
4041	960	0	961
4046	960	0	961
4051	960	0	961
4056	960	0	961
4061	960	0	961
4066	960	0	961
4071	960	0	961
4076	960	0	961
4081	960	0	961
4086	1431	0	961
4091	1431	0	961
4096	1431	0	961
4101	1431	0	961
4106	1431	0	961
4111	1431	0	961
4116	1431	0	961
4121	1431	0	961
4126	1431	0	961
4131	1431	0	961
4136	1431	0	961
4141	1431	0	961
4146	1431	0	961
4151	1431	0	961
4156	1431	0	961
4161	1431	0	961
4166	1431	0	961
4171	1431	0	961
4176	1431	0	961
4181	1431	0	961
4186	1431	0	961
4191	1431	0	961
4196	1431	0	961
4201	1431	0	961
4206	1431	0	961
4211	1431	0	961
4216	1431	0	961
4221	1431	0	961
4226	1431	0	961
4231	1431	0	961
4236	1431	0	961
4241	1431	0	961
4246	1431	0	961
4251	1431	0	961
4256	1431	0	961
4261	1431	0	961
4266	1431	0	961
4271	1431	0	961
4276	1431	0	961
4281	1431	0	961
4286	1431	0	961
4291	1431	0	961
4296	1431	0	961
4301	1431	0	961
4306	1431	0	961
4311	1431	0	961
4316	1431	0	961
4321	1431	0	961
4327	1431	0	961
4336	1431	0	962
4342	1431	0	962
4351	1431	0	963
4357	1431	0	963
4362	1431	0	963
4367	1431	0	964
4372	1431	0	964
4381	1431	0	967
4386	1431	0	967
4391	1431	0	969
4396	1431	0	971
4401	1431	0	971
4406	1431	0	973
4411	1431	0	976
4416	1431	0	976
4421	1431	0	978
4426	1431	0	981
4431	1431	0	981
4436	1431	0	983
4441	1431	0	986
4446	1431	0	986
4451	1431	0	989
4456	1431	0	993
4461	1431	0	993
4466	1431	0	997
4471	1431	0	1002
4476	1431	0	1002
4481	1431	0	1008
4486	1431	0	1015
4491	1431	0	1015
4496	1431	0	1024
4501	1431	0	1033
4506	1431	0	1033
4512	1431	0	1042
4517	1431	0	1054
4522	1431	0	1065
4527	1431	0	1065
4532	1431	0	1078
4537	1431	0	1078
4546	1431	0	1107
4552	1431	0	1107
4561	1431	0	1137
4567	1431	0	1137
4576	1431	0	1170
4582	1431	0	1170
4587	1431	0	1185
4592	1431	0	1201
4597	1431	0	1201
4606	1431	0	1232
4611	1431	0	1232
4616	1431	0	1248
4621	1431	0	1263
4626	1431	0	1263
4631	1431	0	1278
4636	1431	0	1293
4641	1431	0	1293
4646	1431	0	1307
4651	1431	0	1320
4656	1431	0	1320
4661	1431	0	1333
4666	1431	0	1345
4671	1431	0	1345
4676	1431	0	1355
4681	1431	0	1365
4686	1431	0	1365
4691	1431	0	1374
4696	1431	0	1383
4701	1431	0	1383
4706	1431	0	1392
4711	1431	0	1400
4716	1431	0	1400
4721	1431	0	1406
4726	1431	0	1412
4731	1431	0	1412
4736	1431	0	1418
4741	1431	0	1423
4746	1431	0	1423
4751	1431	0	1426
4756	1431	0	1430
4761	1431	0	1430
4766	1431	0	1433
4771	1431	0	1435
4777	1431	0	1435
4782	1431	0	1437
4787	1431	0	1439
4796	1431	0	1439
4801	1431	0	1440
4806	1431	0	1440
4811	1431	0	1440
4816	1431	0	1441
4821	1431	0	1441
4826	1431	0	1441
4831	1431	0	1441
4838	1431	0	1441
4844	1431	0	1441
4852	1431	0	1442
4857	1431	0	1442
4862	1431	0	1442
4867	1431	0	1442
4876	1431	0	1442
4881	1431	0	1442
4886	1431	0	1442
4892	1431	0	1442
4901	1431	0	1442
4906	1431	0	1442
4911	1431	0	1442
4916	1431	0	1442
4921	1431	0	1442
4926	1431	0	1442
4931	1431	0	1442
4936	1431	0	1442
4941	1431	0	1442
4946	1431	0	1442
4951	1431	0	1442
4956	1431	0	1442
4961	1431	0	1442
4966	1431	0	1442
4971	1431	0	1442
4976	1431	0	1442
4981	1431	0	1442
4986	1431	0	1442
4991	1431	0	1442
4996	1431	0	1441
5001	1431	0	1441
5006	1431	0	1441
5011	1431	0	1440
5016	1431	0	1440
5021	1431	0	1440
5026	1431	0	1440
5031	1431	0	1440
5036	1431	0	1440
5041	1431	0	1439
5046	1431	0	1439
5051	1431	0	1439
5056	1431	0	1438
5061	1431	0	1438
5066	1431	0	1438
5071	1431	0	1436
5076	1431	0	1436
5081	1431	0	1436
5086	1431	0	1435
5091	1431	0	1435
5096	1431	0	1435
5101	1431	0	1435
5106	1431	0	1434
5111	1431	0	1434
5116	1431	0	1434
5121	1431	0	1434
5126	1431	0	1433
5131	1431	0	1433
5136	1431	0	1433
5141	1431	0	1433
5146	1431	0	1432
5151	1431	0	1432
5156	1431	0	1432
5161	1431	0	1432
5166	1431	0	1432
5171	1431	0	1431
5176	1431	0	1431
5181	1431	0	1431
5186	1431	0	1431
5191	1431	0	1430
5196	1431	0	1430
5201	1431	0	1430
5206	1431	0	1430
5211	1431	0	1430
5216	1431	0	1430
5221	1431	0	1430
5226	1431	0	1430
5231	1431	0	1430
5238	1431	0	1430
5246	1431	0	1430
5251	1431	0	1430
5256	1431	0	1430
5261	1431	0	1430
5266	1431	0	1430
5271	1431	0	1430
5276	1431	0	1430
5282	1431	0	1430
5291	1431	0	1430
5296	1431	0	1430
5301	1431	0	1430
5306	1431	0	1430
5311	1431	0	1430
5316	1431	0	1430
5321	1431	0	1430
5326	1431	0	1430
5332	1431	0	1430
5337	1431	0	1430
5342	1431	0	1430
5347	1431	0	1430
5352	1431	0	1430
5357	1431	0	1430
5366	1431	0	1430
5371	1431	0	1430
5376	1431	0	1430
5381	1431	0	1430
5386	1431	0	1430
5391	1431	0	1430
5396	1431	0	1430
5401	1431	0	1430
5406	1431	0	1430
5411	1431	0	1430
5416	1431	0	1430
5421	1431	0	1430
5426	1431	0	1430
5431	1431	0	1430
5436	1431	0	1430
5441	1431	0	1430
5446	1431	0	1430
5451	1431	0	1430
5456	1431	0	1430
5461	1431	0	1430
5466	1431	0	1430
5471	1431	0	1430
5476	1431	0	1430
5481	1431	0	1430
5486	1431	0	1430
5491	1431	0	1430
5496	1431	0	1430
5501	1431	0	1430
5506	1431	0	1430
5513	1431	0	1430
5521	1431	0	1430
5526	1431	0	1430
5531	1431	0	1431
5536	1431	0	1431
5541	1431	0	1431
5546	1431	0	1431
5551	1431	0	1431
5556	1431	0	1431
5561	1431	0	1431
5566	1431	0	1431
5571	1431	0	1431
5576	1431	0	1431
5581	1431	0	1431
5586	1431	0	1431
5591	1431	0	1431
5596	1431	0	1431
5601	1431	0	1431
5606	1431	0	1431
5612	1431	0	1431
5621	1431	0	1431
5626	1431	0	1431
5631	1431	0	1431
5636	1431	0	1431
5642	1431	0	1431
5651	1431	0	1431
5657	1431	0	1431
5666	1431	0	1431
5671	1431	0	1431
5676	1431	0	1431
5681	1431	0	1431
5686	1431	0	1431
5691	1431	0	1431
5696	1431	0	1431
5701	1431	0	1431
5706	1431	0	1431
5711	1431	0	1431
5716	1431	0	1431
5721	1431	0	1431
5726	1509	0	1431
5731	1509	0	1431
5736	1509	0	1431
5741	1509	0	1431
5746	1509	0	1431
5751	1509	0	1431
5756	1509	0	1431
5761	1509	0	1431
5766	1509	0	1431
5771	1509	0	1431
5776	1509	0	1431
5781	1509	0	1431
5786	1509	0	1431
5791	1509	0	1431
5796	1509	0	1431
5801	1509	0	1431
5806	1509	0	1431
5811	1509	0	1431
5816	1509	0	1431
5821	1509	0	1431
5826	1509	0	1431
5831	1509	0	1431
5836	1509	0	1431
5841	1509	0	1431
5846	1509	0	1431
5851	1509	0	1431
5856	1509	0	1431
5861	1509	0	1431
5866	1509	0	1431
5871	1509	0	1431
5876	1509	0	1431
5881	1509	0	1431
5886	1509	0	1431
5891	1509	0	1431
5896	1509	0	1431
5901	1509	0	1431
5906	1509	0	1431
5912	1509	0	1431
5921	1509	0	1431
5927	1509	0	1431
5932	1509	0	1430
5937	1509	0	1430
5946	1509	0	1430
5951	1509	0	1430
5956	1509	0	1430
5961	1509	0	1430
5966	1509	0	1430
5971	1509	0	1430
5976	1509	0	1430
5981	1509	0	1431
5986	1509	0	1431
5991	1509	0	1431
5996	1509	0	1432
6001	1509	0	1432
6009	1509	0	1432
6017	1509	0	1434
6022	1509	0	1436
6031	1509	0	1437
6036	1509	0	1439
6041	1509	0	1441
6047	1509	0	1441
6056	1509	0	1444
6061	1509	0	1444
6066	1509	0	1446
6071	1509	0	1448
6076	1509	0	1448
6081	1509	0	1450
6086	1509	0	1451
6091	1509	0	1451
6096	1509	0	1453
6101	1509	0	1455
6106	1509	0	1455
6111	1509	0	1456
6116	1509	0	1457
6121	1509	0	1457
6126	1509	0	1459
6131	1509	0	1460
6136	1509	0	1460
6141	1509	0	1461
6146	1509	0	1463
6151	1509	0	1463
6156	1509	0	1464
6161	1509	0	1466
6166	1509	0	1466
6171	1509	0	1466
6176	1509	0	1469
6181	1509	0	1469
6186	1509	0	1470
6191	1509	0	1472
6196	1509	0	1472
6201	1509	0	1473
6206	1509	0	1475
6211	1509	0	1475
6216	1509	0	1476
6221	1509	0	1477
6226	1509	0	1477
6231	1509	0	1479
6236	1509	0	1480
6241	1509	0	1480
6246	1509	0	1482
6251	1509	0	1483
6256	1509	0	1483
6261	1509	0	1485
6266	1509	0	1486
6271	1509	0	1486
6276	1509	0	1488
6281	1509	0	1489
6286	1509	0	1489
6291	1509	0	1491
6296	1509	0	1492
6301	1509	0	1492
6306	1509	0	1494
6311	1509	0	1494
6316	1509	0	1494
6321	1509	0	1495
6326	1509	0	1495
6331	1509	0	1495
6336	1509	0	1497
6342	1509	0	1497
6347	1509	0	1497
6356	1509	0	1498
6362	1509	0	1498
6367	1509	0	1499
6372	1509	0	1500
6381	1509	0	1500
6386	1509	0	1502
6391	1509	0	1502
6396	1509	0	1502
6401	1509	0	1503
6406	1509	0	1503
6411	1509	0	1503
6416	1509	0	1505
6421	1509	0	1505
6426	1509	0	1505
6431	1509	0	1505
6436	1509	0	1505
6441	1509	0	1505
6446	1509	0	1505
6451	1509	0	1505
6456	1509	0	1505
6461	1509	0	1505
6466	1509	0	1505
6471	1509	0	1505
6476	1509	0	1505
6481	1509	0	1505
6486	1509	0	1505
6491	1509	0	1505
6496	1509	0	1505
6501	1509	0	1505
6506	1509	0	1505
6511	1509	0	1505
6516	1509	0	1505
6521	1509	0	1505
6526	1509	0	1505
6531	1509	0	1505
6536	1509	0	1505
6541	1509	0	1505
6546	1509	0	1505
6551	1509	0	1505
6556	1509	0	1505
6561	1509	0	1505
6566	1509	0	1505
6571	1509	0	1505
6576	1509	0	1505
6581	1509	0	1506
6586	1509	0	1506
6591	1509	0	1506
6596	1509	0	1506
6601	1509	0	1506
6606	1509	0	1507
6611	1509	0	1507
6616	1509	0	1507
6621	1509	0	1508
6626	1509	0	1508
6631	1509	0	1508
6636	1509	0	1509
6641	1509	0	1509
6646	1509	0	1509
6651	1509	0	1509
6656	1509	0	1510
6661	1509	0	1510
6666	1509	0	1510
6671	1509	0	1510
6676	1509	0	1510
6681	1509	0	1510
6686	1509	0	1510
6691	1509	0	1510
6696	1509	0	1510
6701	1509	0	1510
6706	1509	0	1510
6711	1509	0	1510
6716	1509	0	1510
6721	1509	0	1510
6726	1509	0	1510
6732	1509	0	1510
6741	1509	0	1510
6746	1509	0	1510
6751	1509	0	1510
6756	1509	0	1510
6761	1509	0	1510
6766	1509	0	1510
6771	1509	0	1510
6776	1509	0	1510
6781	1509	0	1510
6786	1509	0	1510
6791	1509	0	1510
6796	1509	0	1510
6801	1509	0	1510
6806	1509	0	1510
6811	1509	0	1510
6816	1509	0	1510
6821	1509	0	1510
6826	1509	0	1510
6831	1509	0	1510
6836	1509	0	1510
6841	1509	0	1510
6846	1509	0	1510
6851	1509	0	1510
6856	1509	0	1510
6861	1509	0	1510
6866	1509	0	1510
6871	1509	0	1510
6876	1509	0	1510
6882	1509	0	1510
6891	1509	0	1510
6896	1509	0	1510
6901	1509	0	1510
6906	1509	0	1510
6911	1509	0	1510
6916	1509	0	1510
6921	1509	0	1510
6926	1509	0	1510
6931	1509	0	1510
6936	1509	0	1510
6941	1509	0	1510
6946	1509	0	1509
6951	1509	0	1509
6956	1509	0	1509
6961	1509	0	1509
6966	1509	0	1509
6971	1509	0	1509
6976	1509	0	1509
6981	1509	0	1509
6986	1509	0	1509
6991	1509	0	1509
6996	1509	0	1509
7001	1509	0	1509
7010	1509	0	1509
7015	1509	0	1509
7023	1509	0	1509
7031	1509	0	1509
7036	1509	0	1509
7041	1509	0	1509
7046	1509	0	1509
7051	1509	0	1509
7056	1509	0	1509
7061	1509	0	1509
7066	1509	0	1509
7071	1509	0	1509
7076	1509	0	1509
7081	1509	0	1509
7086	1509	0	1509
7091	1509	0	1509
7096	1509	0	1509
7101	1509	0	1509
7106	1509	0	1509
7111	1509	0	1509
7116	1509	0	1509
7121	1509	0	1509
7126	1509	0	1509
7131	1509	0	1509
7136	1509	0	1509
7141	1509	0	1509
7146	1509	0	1509
7151	1509	0	1509
7156	1509	0	1509
7161	1509	0	1509
7166	1509	0	1509
7171	1509	0	1509
7176	1509	0	1509
7181	1509	0	1509
7186	1509	0	1509
7191	1509	0	1509
7196	1509	0	1509
7201	1509	0	1509
7206	1509	0	1509
7211	1509	0	1509
7216	1509	0	1508
7221	1509	0	1508
7226	1509	0	1508
7231	1509	0	1508
7236	1509	0	1508
7241	1509	0	1508
7246	1509	0	1508
7251	1509	0	1508
7256	1509	0	1508
7261	1509	0	1508
7266	1509	0	1508
7271	1509	0	1508
7276	1509	0	1508
7281	1509	0	1508
7286	1509	0	1508
7291	1509	0	1508
7296	1509	0	1508
7301	1509	0	1508
7306	1509	0	1508
7312	1509	0	1509
7321	1509	0	1509
7326	1509	0	1509
7331	1509	0	1509
7336	1509	0	1509
7341	1509	0	1509
7346	1509	0	1509
7351	1509	0	1509
7356	1509	0	1509
7361	1509	0	1509
7366	1509	0	1509
7371	1509	0	1509
7376	1509	0	1509
7381	1509	0	1509
7386	1509	0	1509
7391	1509	0	1509
7396	1509	0	1509
7401	1509	0	1509
7406	1509	0	1509
7411	1509	0	1509
7416	1509	0	1509
7421	1509	0	1509
7426	1509	0	1509
7431	1509	0	1509
7436	1509	0	1509
7441	1509	0	1509
7446	1509	0	1509
7451	1509	0	1509
7456	1509	0	1509
7461	1509	0	1509
7466	1509	0	1509
7471	1509	0	1509
7476	1509	0	1509
7481	1509	0	1509
7486	1509	0	1509
7491	1509	0	1509
7496	1509	0	1509
7501	1509	0	1509
7506	1509	0	1509
7512	1509	0	1509
7521	1509	0	1509
7527	1509	0	1509
7536	1509	0	1509
7541	1509	0	1509
7546	1509	0	1509
7551	1509	0	1509
7556	1509	0	1509
7562	1509	0	1509
7571	1509	0	1509
7576	1509	0	1509
7581	1509	0	1509
7586	1509	0	1509
7591	1509	0	1509
7596	1509	0	1509
7601	1509	0	1509
7606	1509	0	1509
7611	1509	0	1509
7616	1509	0	1509
7621	1509	0	1509
7626	1509	0	1509
7631	1509	0	1509
7636	1509	0	1509
7641	1509	0	1509
7646	1509	0	1509
7651	1509	0	1509
7656	1509	0	1509
7661	1509	0	1509
7671	1509	0	1509
7676	1509	0	1509
7686	1509	0	1509
7691	1509	0	1509
7696	1509	0	1509
7701	1509	0	1509
7706	1509	0	1509
7711	1509	0	1509
7716	1509	0	1509
7721	1509	0	1509
7726	1509	0	1509
7731	1509	0	1509
7736	1509	0	1509
7741	1509	0	1509
7746	1509	0	1509
7751	1509	0	1509
7756	1509	0	1509
7761	1509	0	1509
7767	1509	0	1509
7776	1509	0	1508
7781	1509	0	1508
7786	1509	0	1508
7791	1509	0	1508
7796	1509	0	1508
7801	1509	0	1508
7806	1509	0	1508
7811	1509	0	1508
7816	1509	0	1508
7821	1509	0	1508
7826	1509	0	1508
7831	1509	0	1508
7836	1509	0	1508
7842	1509	0	1508
7851	1509	0	1508
7856	1509	0	1508
7861	1509	0	1508
7866	1509	0	1508
7871	1509	0	1508
7876	1509	0	1508
7881	1509	0	1508
7886	1509	0	1508
7891	1509	0	1508
7896	1509	0	1508
7901	1509	0	1508
7906	1509	0	1508
7911	1509	0	1508
7917	1509	0	1508
7926	1509	0	1508
7932	1509	0	1508
7937	1509	0	1508
7942	1509	0	1508
7951	1509	0	1508
7956	1509	0	1508
7961	1509	0	1508
7966	1509	0	1508
7971	1509	0	1508
7976	1509	0	1508
7981	1509	0	1508
7986	1509	0	1508
7991	1509	0	1508
7996	1509	0	1508
8002	1509	0	1508
8010	1509	0	1508
8017	1509	0	1508
8026	1509	0	1508
8031	1509	0	1508
8036	1509	0	1508
8041	1509	0	1508
8046	1509	0	1508
8051	1509	0	1508
8056	1509	0	1508
8061	1509	0	1508
8066	1509	0	1508
8071	1509	0	1508
8076	1509	0	1508
8081	1509	0	1508
8086	1509	0	1508
8091	1509	0	1508
8096	1509	0	1508
8101	1509	0	1508
8106	1509	0	1508
8111	1509	0	1508
8116	1509	0	1508
8121	1509	0	1508
8126	1509	0	1508
8131	1509	0	1508
8136	1509	0	1508
8141	1509	0	1508
8146	1509	0	1508
8151	1509	0	1508
8156	1509	0	1508
8161	1509	0	1508
8166	1509	0	1508
8171	1509	0	1508
8176	1509	0	1508
8181	1509	0	1508
8186	1509	0	1508
8191	1509	0	1508
8196	1509	0	1508
8201	1509	0	1508
8206	1509	0	1508
8211	1509	0	1508
8216	1509	0	1508
8221	1509	0	1508
8226	1509	0	1508
8231	1509	0	1508
8236	1509	0	1508
8241	1509	0	1508
8246	1509	0	1508
8251	1509	0	1508
8256	1509	0	1508
8261	1509	0	1508
8266	1509	0	1508
8271	1509	0	1508
8276	1509	0	1508
8281	1509	0	1508
8286	1509	0	1508
8291	1509	0	1508
8296	1509	0	1508
8301	1509	0	1508
8306	1509	0	1508
8311	1509	0	1508
8316	1509	0	1508
8321	1509	0	1508
8326	1509	0	1508
8331	1509	0	1508
8336	1509	0	1508
8341	1509	0	1508
8346	1509	0	1508
8351	1509	0	1508
8356	1509	0	1508
8361	1509	0	1508
8366	1509	0	1509
8371	1509	0	1509
8376	1509	0	1509
8381	1509	0	1509
8386	1509	0	1509
8391	1509	0	1509
8396	1509	0	1509
8401	1509	0	1509
8406	1509	0	1509
8411	1509	0	1509
8416	1509	0	1509
8421	1509	0	1509
8426	1509	0	1509
8431	1509	0	1509
8436	1509	0	1509
8441	1509	0	1509
8446	1509	0	1509
8451	1509	0	1509
8456	1509	0	1509
8461	1509	0	1509
8466	1509	0	1509
8471	1509	0	1509
8476	1509	0	1509
8481	1509	0	1509
8486	1509	0	1509
8491	1509	0	1509
8496	1509	0	1509
8501	1509	0	1509
8506	1509	0	1509
8511	1509	0	1509
8516	1509	0	1509
8521	1509	0	1509
8526	1509	0	1509
8531	1509	0	1509
8536	1509	0	1509
8541	1509	0	1509
8546	1509	0	1509
8551	1509	0	1509
8556	1509	0	1509
8561	1509	0	1509
8566	1509	0	1509
8571	1509	0	1509
8576	1509	0	1509
8581	1509	0	1509
8586	1509	0	1509
8591	1509	0	1509
8596	1509	0	1509
8601	1509	0	1509
8606	1509	0	1509
8611	1509	0	1509
8616	1509	0	1509
8621	1509	0	1509
8626	1509	0	1509
8631	1509	0	1509
8636	1509	0	1509
8641	1509	0	1509
8646	1509	0	1509
8651	1509	0	1509
8656	1509	0	1509
8661	1509	0	1509
8666	1509	0	1509
8671	1509	0	1509
8676	1509	0	1509
8681	1509	0	1509
8686	1509	0	1509
8691	1509	0	1509
8696	1509	0	1509
8701	1509	0	1509
8706	1509	0	1509
8711	1509	0	1509
8716	1509	0	1509
8721	1509	0	1509
8726	1509	0	1509
8731	1509	0	1508
8736	1509	0	1508
8741	1509	0	1508
8746	1509	0	1508
8751	1509	0	1508
8756	1509	0	1508
8761	1509	0	1508
8766	1509	0	1508
8771	1509	0	1508
8776	1509	0	1508
8781	1509	0	1508
8786	1509	0	1508
8791	1509	0	1508
8796	1509	0	1508
8801	1509	0	1508
8806	1509	0	1508
8811	1509	0	1508
8816	1509	0	1508
8821	1509	0	1508
8826	1509	0	1508
8831	1509	0	1508
8836	1509	0	1508
8841	1509	0	1508
8846	1509	0	1508
8851	1509	0	1508
8856	1509	0	1508
8861	1509	0	1508
8866	1509	0	1508
8871	1509	0	1508
8876	1509	0	1508
8881	1509	0	1508
8886	1509	0	1508
8891	1509	0	1508
8896	1509	0	1508
8901	1509	0	1508
8906	1509	0	1508
8911	1509	0	1508
8916	1509	0	1508
8921	1509	0	1508
8926	1509	0	1508
8931	1509	0	1508
8936	1509	0	1508
8941	1509	0	1508
8946	1509	0	1508
8951	1509	0	1508
8956	1509	0	1508
8961	1509	0	1508
8966	1509	0	1508
8971	1509	0	1508
8976	1509	0	1508
8981	1509	0	1508
8986	1509	0	1508
8991	1509	0	1508
8996	1509	0	1508
9001	1509	0	1508
9007	1509	0	1508
9016	1509	0	1508
9021	1509	0	1508
9026	1509	0	1508
9031	1509	0	1508
9036	1509	0	1508
9041	1509	0	1508
9046	1509	0	1508
9051	1509	0	1508
9056	1509	0	1508
9061	1509	0	1508
9066	1509	0	1508
9071	1509	0	1508
9076	1509	0	1508
9081	1509	0	1508
9086	1509	0	1508
9091	1509	0	1508
9096	1509	0	1508
9101	1509	0	1508
9106	1509	0	1508
9111	1509	0	1508
9116	1509	0	1508
9121	1509	0	1508
9126	1509	0	1508
9131	1509	0	1508
9136	1470	0	1508
9141	1470	0	1508
9146	1470	0	1508
9152	1470	0	1508
9161	1470	0	1508
9166	1470	0	1508
9171	1470	0	1508
9176	1470	0	1508
9181	1470	0	1508
9186	1470	0	1508
9191	1470	0	1508
9196	1470	0	1508
9201	1470	0	1508
9206	1470	0	1508
9211	1470	0	1508
9216	1470	0	1508
9221	1470	0	1508
9226	1470	0	1508
9231	1470	0	1508
9236	1470	0	1508
9241	1470	0	1508
9246	1470	0	1508
9251	1470	0	1508
9256	1470	0	1508
9261	1470	0	1508
9266	1470	0	1508
9271	1470	0	1508
9276	1470	0	1508
9281	1470	0	1508
9286	1470	0	1508
9291	1470	0	1508
9296	1470	0	1508
9301	1470	0	1508
9306	1470	0	1508
9311	1470	0	1508
9316	1470	0	1508
9321	1470	0	1508
9326	1470	0	1508
9331	1470	0	1508
9336	1470	0	1508
9341	1470	0	1508
9346	1470	0	1508
9351	1470	0	1508
9356	1470	0	1508
9361	1470	0	1508
9366	1470	0	1508
9371	1470	0	1508
9376	1470	0	1508
9381	1470	0	1508
9386	1470	0	1508
9391	1470	0	1508
9396	1470	0	1508
9401	1470	0	1508
9406	1470	0	1508
9411	1470	0	1508
9416	1470	0	1508
9421	1470	0	1508
9426	1470	0	1508
9431	1470	0	1508
9436	1470	0	1508
9443	1470	0	1508
9451	1470	0	1507
9456	1470	0	1507
9461	1470	0	1506
9466	1470	0	1504
9471	1470	0	1504
9476	1470	0	1503
9481	1470	0	1502
9486	1470	0	1502
9491	1470	0	1501
9496	1470	0	1499
9502	1470	0	1499
9507	1470	0	1498
9512	1470	0	1496
9517	1470	0	1496
9522	1470	0	1495
9531	1470	0	1495
9536	1470	0	1493
9541	1470	0	1493
9546	1470	0	1493
9551	1470	0	1491
9556	1470	0	1491
9561	1470	0	1491
9566	1470	0	1489
9571	1470	0	1489
9576	1470	0	1489
9581	1470	0	1487
9586	1470	0	1487
9591	1470	0	1487
9596	1470	0	1486
9601	1470	0	1486
9606	1470	0	1486
9611	1470	0	1484
9616	1470	0	1484
9621	1470	0	1484
9626	1470	0	1483
9631	1470	0	1483
9636	1470	0	1483
9641	1470	0	1482
9646	1470	0	1482
9651	1470	0	1482
9656	1470	0	1481
9661	1470	0	1481
9666	1470	0	1481
9671	1470	0	1481
9676	1470	0	1481
9681	1470	0	1481
9686	1470	0	1480
9691	1470	0	1480
9696	1470	0	1480
9701	1470	0	1480
9706	1470	0	1480
9711	1470	0	1480
9716	1470	0	1480
9721	1470	0	1479
9726	1470	0	1479
9731	1470	0	1479
9736	1470	0	1479
9742	1470	0	1479
9752	1470	0	1479
9761	1470	0	1479
9766	1470	0	1479
9771	1470	0	1479
9776	1470	0	1479
9781	1470	0	1479
9786	1470	0	1479
9791	1470	0	1479
9796	1470	0	1479
9801	1470	0	1479
9806	1470	0	1479
9811	1470	0	1479
9816	1470	0	1479
9821	1470	0	1479
9826	1470	0	1479
9831	1470	0	1478
9836	1470	0	1478
9841	1470	0	1478
9846	1470	0	1478
9851	1470	0	1478
9856	1470	0	1478
9861	1470	0	1477
9866	1470	0	1477
9871	1470	0	1477
9876	1470	0	1477
9881	1470	0	1476
9886	1470	0	1476
9891	1470	0	1476
9896	1470	0	1476
9901	1470	0	1475
9906	1470	0	1475
9911	1470	0	1475
9916	1470	0	1475
9922	1470	0	1475
9927	1470	0	1474
9932	1470	0	1474
9937	1470	0	1474
9946	1470	0	1474
9951	1470	0	1474
9956	1470	0	1473
9961	1470	0	1473
9966	1470	0	1473
9972	1470	0	1473
9981	1470	0	1473
9986	1470	0	1472
9991	1470	0	1472
9996	1470	0	1472
10001	1470	0	1472
10006	1470	0	1472
10011	1470	0	1471
10016	1470	0	1471
10021	1470	0	1471
10026	1470	0	1471
10031	1470	0	1471
10036	1470	0	1471
10041	1470	0	1471
10046	1470	0	1471
10052	1470	0	1471
10061	1470	0	1471
10067	1470	0	1471
10076	1470	0	1471
10081	1470	0	1471
10086	1470	0	1471
10091	1470	0	1470
10096	1470	0	1470
10101	1470	0	1470
10106	1470	0	1470
10111	1470	0	1470
10116	1470	0	1470
10121	1470	0	1470
10126	1470	0	1470
10131	1470	0	1470
10136	1470	0	1470
10141	1470	0	1470
10146	1470	0	1470
10151	1470	0	1470
10156	1470	0	1470
10161	1470	0	1470
10166	1470	0	1470
10171	1470	0	1470
10176	1470	0	1470
10181	1470	0	1470
10186	1470	0	1470
10191	1470	0	1470
10196	1470	0	1470
10201	1470	0	1470
10206	1470	0	1470
10211	1470	0	1470
10216	1470	0	1470
10221	1470	0	1470
10226	1470	0	1470
10231	1470	0	1470
10236	1470	0	1470
10241	1470	0	1470
10246	1470	0	1470
10251	1470	0	1470
10256	1470	0	1470
10261	1470	0	1470
10266	1470	0	1470
10271	1470	0	1470
10276	1470	0	1470
10281	1470	0	1470
10286	1470	0	1470
10291	1470	0	1470
10296	1470	0	1470
10301	1470	0	1470
10306	1470	0	1470
10311	1470	0	1470
10316	1470	0	1470
10321	1470	0	1470
10326	1470	0	1470
10331	1470	0	1470
10336	1470	0	1470
10341	1470	0	1470
10346	1470	0	1470
10351	1470	0	1470
10356	1470	0	1470
10361	1470	0	1470
10366	1470	0	1470
10371	1470	0	1470
10376	1470	0	1470
10381	1470	0	1470
10386	1470	0	1470
10391	1470	0	1470
10396	1470	0	1470
10401	1470	0	1470
10406	1470	0	1470
10411	1470	0	1470
10416	1470	0	1470
10421	1470	0	1470
10426	1470	0	1470
10431	1470	0	1470
10436	1470	0	1470
10441	1470	0	1470
10446	1470	0	1470
10451	1470	0	1470
10456	1470	0	1470
10461	1470	0	1470
10466	1470	0	1470
10471	1470	0	1470
10476	1470	0	1470
10481	1470	0	1470
10486	1470	0	1470
10491	1470	0	1470
10496	1470	0	1470
10502	1470	0	1470
10511	1470	0	1470
10516	1470	0	1470
10521	1470	0	1470
10526	1470	0	1470
10531	1470	0	1470
10536	1470	0	1470
10541	1470	0	1470
10546	1470	0	1470
10551	1470	0	1469
10556	1470	0	1469
10561	1470	0	1469
10566	1470	0	1469
10571	1470	0	1469
10576	1470	0	1469
10581	1470	0	1469
10586	1470	0	1469
10591	1470	0	1469
10596	1470	0	1469
10601	1470	0	1469
10606	1470	0	1469
10611	1470	0	1469
10616	1470	0	1469
10621	1470	0	1469
10626	1470	0	1469
10631	1470	0	1469
10636	1470	0	1469
10641	1470	0	1469
10646	1470	0	1469
10651	1470	0	1469
10656	1470	0	1469
10661	1470	0	1469
10667	1470	0	1469
10676	1470	0	1469
10682	1470	0	1469
10687	1470	0	1469
10692	1470	0	1469
10697	1470	0	1469
10706	1470	0	1469
10711	1470	0	1469
10716	1470	0	1469
10721	1470	0	1469
10726	1470	0	1469
10732	1470	0	1469
10737	1470	0	1469
10746	1470	0	1469
10751	1470	0	1469
10757	1470	0	1469
10766	1470	0	1469
10771	1470	0	1469
10776	1470	0	1469
10781	1470	0	1469
10786	1470	0	1469
10791	1470	0	1469
10796	1470	0	1469
10801	1470	0	1469
10806	1470	0	1469
10811	1470	0	1469
10816	1470	0	1469
10821	1470	0	1469
10826	1470	0	1469
10831	1470	0	1469
10836	1470	0	1469
10841	1470	0	1469
10846	1470	0	1469
10851	1470	0	1469
10856	1470	0	1469
10861	1470	0	1469
10866	1470	0	1469
10871	1470	0	1469
10876	1470	0	1469
10881	1470	0	1469
10886	1470	0	1469
10891	1470	0	1469
10896	1470	0	1469
10901	1470	0	1469
10906	1470	0	1469
10911	1470	0	1469
10916	1470	0	1469
10921	1470	0	1469
10926	1470	0	1469
10931	1470	0	1469
10936	1470	0	1469
10941	1470	0	1469
10946	1470	0	1469
10951	1470	0	1469
10956	1470	0	1469
10961	1470	0	1469
10966	1470	0	1469
10971	1470	0	1469
10976	1470	0	1469
10981	1470	0	1469
10986	1470	0	1469
10991	1470	0	1469
10996	1470	0	1469
11001	1470	0	1469
11006	1470	0	1469
11011	1470	0	1469
11016	1470	0	1469
11021	1470	0	1469
11026	1470	0	1469
11031	1470	0	1469
11036	1470	0	1469
11042	1470	0	1469
11051	1470	0	1469
11056	1470	0	1469
11061	1470	0	1469
11066	1470	0	1469
11071	1470	0	1469
11076	1470	0	1469
11081	1470	0	1469
11086	1470	0	1469
11091	1470	0	1469
11097	1470	0	1469
11106	1470	0	1469
11111	1470	0	1469
11116	1470	0	1469
11121	1470	0	1469
11126	1470	0	1469
11131	1470	0	1469
11136	1470	0	1469
11141	1470	0	1469
11146	1470	0	1469
11151	1470	0	1469
11156	1470	0	1469
11161	1470	0	1469
11167	1470	0	1469
11176	1470	0	1469
11181	1470	0	1469
11186	1470	0	1469
11191	1470	0	1469
11196	1470	0	1469
11201	1470	0	1469
11206	1470	0	1470
11211	1470	0	1470
11216	1470	0	1470
11221	1470	0	1470
11226	1470	0	1470
11231	1470	0	1470
11236	1470	0	1470
11241	1470	0	1470
11246	1470	0	1470
11251	1470	0	1470
11256	1470	0	1470
11261	1470	0	1470
11266	1470	0	1470
11271	1470	0	1470
11276	1470	0	1470
11281	1470	0	1470
11286	1470	0	1470
11291	1470	0	1470
11296	1470	0	1470
11301	1470	0	1470
11306	1470	0	1470
11311	1470	0	1470
11316	1470	0	1470
11321	1470	0	1470
11326	1470	0	1470
11331	1470	0	1470
11336	1470	0	1470
11341	1470	0	1470
11346	1470	0	1470
11351	1470	0	1470
11356	1470	0	1470
11361	1470	0	1470
11366	1470	0	1470
11371	1470	0	1470
11376	1470	0	1470
11381	1470	0	1470
11386	1470	0	1470
11391	1470	0	1470
11396	1470	0	1470
11401	1470	0	1470
11406	1470	0	1470
11411	1470	0	1470
11416	1470	0	1470
11421	1470	0	1470
11426	1470	0	1470
11431	1470	0	1470
11436	1470	0	1470
11441	1470	0	1470
11446	1470	0	1470
11451	1470	0	1470
11456	1470	0	1470
11461	1470	0	1470
11466	1470	0	1470
11471	1470	0	1470
11476	1470	0	1470
11481	1470	0	1470
11486	1470	0	1470
11491	1470	0	1470
11496	1470	0	1470
11501	1470	0	1470
11506	1470	0	1470
11511	1470	0	1470
11516	1470	0	1470
11521	1470	0	1470
11526	1470	0	1470
11531	1470	0	1470
11536	1470	0	1470
11541	1470	0	1470
11546	1470	0	1470
11551	1470	0	1470
11556	1470	0	1470
11561	1470	0	1470
11566	1470	0	1470
11571	1470	0	1470
11576	1470	0	1470
11581	1470	0	1470
11586	1470	0	1470
11591	1470	0	1470
11596	1470	0	1470
11601	1470	0	1470
11606	1470	0	1470
11611	1470	0	1470
11616	1470	0	1470
11622	1470	0	1470
11627	1470	0	1470
11636	1470	0	1470
11641	1470	0	1470
11646	1470	0	1470
11652	1470	0	1469
11661	1470	0	1469
11666	1470	0	1469
11671	1470	0	1469
11676	1470	0	1469
11681	1470	0	1469
11686	1470	0	1469
11691	1470	0	1469
11696	1470	0	1469
11701	1470	0	1469
11706	1470	0	1469
11711	1470	0	1469
11716	1470	0	1469
11721	1470	0	1469
11726	1470	0	1469
11731	1470	0	1469
11736	1470	0	1469
11741	1470	0	1469
11746	1470	0	1468
11751	1470	0	1468
11756	1470	0	1468
11761	1470	0	1468
11766	1470	0	1468
11771	1470	0	1468
11776	1470	0	1468
11781	1470	0	1468
11786	1470	0	1468
11791	1470	0	1468
11796	1470	0	1468
11801	1470	0	1468
11806	1470	0	1468
11811	1470	0	1467
11816	1470	0	1467
11821	1470	0	1467
11826	1470	0	1467
11831	1470	0	1467
11836	1470	0	1467
11841	1470	0	1465
11846	1470	0	1465
11851	1470	0	1465
11856	1470	0	1464
11861	1470	0	1464
11866	1470	0	1464
11871	1470	0	1464
11876	1470	0	1464
11881	1470	0	1464
11886	1470	0	1462
11891	1470	0	1462
11896	1470	0	1462
11901	1470	0	1462
11906	1470	0	1462
11911	1470	0	1462
11916	1470	0	1462
11921	1470	0	1462
11926	1470	0	1462
11931	1470	0	1462
11936	1470	0	1462
11941	1470	0	1462
11946	1470	0	1462
11951	1470	0	1462
11956	1470	0	1462
11961	1470	0	1462
11966	1470	0	1462
11971	1470	0	1462
11976	1470	0	1462
11981	1470	0	1462
11986	1470	0	1462
11991	1470	0	1462
11996	1470	0	1462
12001	1470	0	1462
12006	1470	0	1462
12011	1470	0	1462
12016	1470	0	1462
12021	1470	0	1462
12026	1470	0	1462
12031	1470	0	1462
12036	1470	0	1462
12041	1470	0	1462
12046	1470	0	1462
12051	1470	0	1462
12056	1470	0	1462
12061	1470	0	1462
12066	1470	0	1462
12071	1470	0	1462
12076	1470	0	1462
12081	1470	0	1462
12086	1470	0	1462
12091	1470	0	1462
12096	1470	0	1462
12101	1470	0	1462
12106	1470	0	1462
12112	1470	0	1462
12121	1470	0	1464
12126	1470	0	1465
12131	1470	0	1465
12136	1470	0	1465
12141	1470	0	1467
12146	1470	0	1467
12151	1470	0	1467
12156	1470	0	1469
12161	1470	0	1469
12166	1470	0	1469
12171	1470	0	1469
12176	1470	0	1469
12181	1470	0	1470
12186	1470	0	1470
12191	1470	0	1470
12196	1470	0	1470
12201	1470	0	1471
12206	1470	0	1471
12211	1470	0	1471
12216	1470	0	1471
12221	1470	0	1471
12226	1470	0	1471
12231	1470	0	1471
12236	1470	0	1471
12241	1470	0	1471
12246	1470	0	1471
12252	1470	0	1471
12261	1470	0	1471
12267	1470	0	1471
12276	1470	0	1471
12281	1470	0	1471
12286	1470	0	1471
12291	1470	0	1471
12296	1470	0	1471
12301	1470	0	1471
12306	1470	0	1471
12311	1470	0	1471
12316	1470	0	1471
12321	1470	0	1471
12326	1470	0	1471
12331	1470	0	1471
12336	1470	0	1471
12341	1470	0	1471
12346	1470	0	1471
12351	1470	0	1471
12356	1470	0	1471
12361	1470	0	1471
12366	1470	0	1471
12372	1470	0	1471
12381	1470	0	1471
12386	1470	0	1471
12391	1470	0	1471
12396	1470	0	1471
12402	1470	0	1471
12411	1470	0	1471
12416	1470	0	1471
12421	1470	0	1471
12426	1470	0	1471
12431	1470	0	1471
12436	1470	0	1471
12441	1470	0	1471
12446	1470	0	1471
12451	1470	0	1471
12456	1470	0	1471
12461	1470	0	1471
12466	1470	0	1471
12471	1470	0	1471
12476	1470	0	1471
12481	1470	0	1471
12486	1470	0	1471
12491	1470	0	1471
12496	1470	0	1471
12501	1470	0	1471
12506	1470	0	1471
12511	1470	0	1471
12516	1470	0	1471
12521	1470	0	1471
12526	1470	0	1471
12531	1470	0	1471
12536	1470	0	1471
12541	1470	0	1471
12546	1470	0	1471
12551	1470	0	1471
12556	1470	0	1471
12561	1470	0	1471
12566	1470	0	1471
12571	1470	0	1471
12576	1470	0	1471
12581	1470	0	1471
12586	1470	0	1471
12591	1470	0	1471
12596	1470	0	1471
12601	1470	0	1471
12606	1470	0	1471
12611	1470	0	1471
12616	1470	0	1471
12621	1470	0	1471
12626	1470	0	1471
12631	1470	0	1471
12636	1470	0	1471
12642	1470	0	1471
12651	1470	0	1471
12656	1470	0	1471
12661	1470	0	1471
12666	1470	0	1471
12671	1470	0	1471
12676	1470	0	1471
12681	1470	0	1471
12686	1470	0	1471
12691	1470	0	1471
12696	1470	0	1471
12701	1470	0	1471
12706	1470	0	1471
12711	1470	0	1471
12716	1470	0	1471
12721	1470	0	1471
12726	1470	0	1471
12731	1470	0	1471
12736	1470	0	1471
12741	1470	0	1471
12746	1470	0	1471
12751	1470	0	1471
12756	1470	0	1471
12761	1470	0	1471
12766	1470	0	1471
12771	1470	0	1471
12776	1470	0	1471
12781	1470	0	1471
12786	1470	0	1471
12791	1470	0	1471
12796	1470	0	1471
12801	1470	0	1471
12806	1470	0	1471
12811	1470	0	1471
12816	1470	0	1471
12821	1470	0	1471
12826	1470	0	1471
12831	1470	0	1471
12836	1470	0	1471
12841	1470	0	1471
12846	1470	0	1471
12851	1470	0	1471
12856	1470	0	1471
12861	1470	0	1471
12866	1470	0	1471
12871	1470	0	1471
12876	1470	0	1471
12881	1470	0	1471
12886	1470	0	1471
12891	1470	0	1471
12896	1470	0	1471
12901	1470	0	1471
12906	1470	0	1471
12911	1470	0	1471
12916	1470	0	1471
12921	1470	0	1471
12926	1470	0	1471
12931	1470	0	1471
12936	1470	0	1471
12941	1470	0	1471
12946	1470	0	1471
12951	1470	0	1471
12956	1470	0	1471
12961	1470	0	1471
12966	1470	0	1471
12971	1470	0	1471
12976	1470	0	1471
12981	1470	0	1471
12986	1470	0	1471
12991	1470	0	1471
12996	1470	0	1471
13001	1470	0	1471
13006	1470	0	1471
13011	1470	0	1471
13016	1470	0	1471
13021	1470	0	1471
13026	1470	0	1471
13031	1470	0	1471
13036	1470	0	1471
13041	1470	0	1471
13046	1470	0	1471
13051	1470	0	1471
13056	1470	0	1471
13061	1470	0	1471
13066	1470	0	1471
13071	1470	0	1471
13076	1470	0	1471
13081	1470	0	1471
13087	1470	0	1471
13096	1470	0	1471
13101	1470	0	1471
13106	1470	0	1471
13111	1470	0	1471
13116	1470	0	1471
13121	1470	0	1471
13126	1470	0	1471
13131	1470	0	1471
13136	1470	0	1471
13141	1470	0	1471
13146	1470	0	1471
13151	1470	0	1471
13156	1470	0	1471
13161	1470	0	1471
13166	1470	0	1471
13171	1470	0	1471
13176	1470	0	1471
13181	1470	0	1471
13186	1470	0	1471
13191	1470	0	1471
13196	1470	0	1471
13201	1470	0	1471
13207	1470	0	1471
13212	1470	0	1471
13217	1470	0	1471
13222	1470	0	1471
13231	1470	0	1471
13236	1470	0	1471
13241	1470	0	1471
13246	1470	0	1471
13251	1470	0	1471
13256	1470	0	1471
13261	1470	0	1471
13266	1470	0	1471
13274	1470	0	1471
13281	1470	0	1471
13286	1470	0	1471
13291	1470	0	1471
13296	1470	0	1471
13301	1470	0	1471
13306	1470	0	1471
13311	1470	0	1471
13316	1470	0	1471
13321	1470	0	1471
13326	1470	0	1471
13331	1470	0	1471
13336	1470	0	1471
13341	1470	0	1471
13346	1470	0	1471
13352	1470	0	1471
13357	1470	0	1471
13362	1470	0	1471
13367	1470	0	1471
13372	1470	0	1471
13377	1470	0	1471
13382	1470	0	1471
13387	1470	0	1471
13392	1470	0	1471
13397	1470	0	1471
13402	1470	0	1471
13411	1470	0	1471
13416	1470	0	1471
13421	1470	0	1471
13426	1470	0	1471
13431	1470	0	1471
13436	1470	0	1471
13441	1470	0	1471
13446	1470	0	1471
13451	1470	0	1471
13456	1470	0	1471
13461	1470	0	1471
13466	1470	0	1471
13471	1470	0	1471
13476	1470	0	1471
13481	1470	0	1471
13486	1470	0	1471
13491	1470	0	1471
13496	1470	0	1471
13501	1470	0	1471
13506	1470	0	1471
13511	1470	0	1471
13516	1470	0	1471
13521	1470	0	1471
13526	1470	0	1471
13531	1470	0	1471
13536	1470	0	1471
13541	1470	0	1471
13546	1470	0	1471
13551	1470	0	1471
13556	1470	0	1471
13561	1470	0	1471
13566	1470	0	1471
13571	1470	0	1471
13576	1470	0	1471
13581	1470	0	1471
13586	1470	0	1471
13591	1470	0	1471
13596	1470	0	1471
13601	1470	0	1471
13606	1470	0	1471
13611	1470	0	1471
13616	1470	0	1471
13621	1470	0	1471
13626	1470	0	1471
13631	1470	0	1471
13636	1470	0	1471
13641	1470	0	1471
13646	1470	0	1471
13651	1470	0	1471
13656	1470	0	1471
13661	1470	0	1471
13666	1470	0	1471
13671	1470	0	1471
13676	1470	0	1471
13681	1470	0	1471
13686	1470	0	1471
13691	1470	0	1471
13696	1470	0	1471
13701	1470	0	1471
13706	1470	0	1471
13711	1470	0	1471
13716	1470	0	1471
13721	1470	0	1471
13726	1470	0	1471
13732	1470	0	1471
13741	1470	0	1471
13746	1470	0	1471
13751	1470	0	1471
13756	1470	0	1471
13761	1470	0	1471
13766	1470	0	1471
13771	1470	0	1471
13776	1470	0	1471
13781	1470	0	1471
13786	1470	0	1471
13791	1470	0	1471
13796	1470	0	1471
13801	1470	0	1471
13806	1470	0	1471
13811	1470	0	1471
13816	1470	0	1471
13822	1470	0	1471
13831	1470	0	1471
13836	1470	0	1471
13841	1470	0	1471
13846	1470	0	1471
13852	1470	0	1471
13862	1470	0	1471
13867	1470	0	1471
13876	1470	0	1471
13881	1470	0	1471
13886	1470	0	1471
13892	1470	0	1471
13901	1470	0	1471
13906	1470	0	1471
13911	1470	0	1471
13916	1470	0	1471
13921	1470	0	1471
13926	1470	0	1471
13931	1470	0	1471
13936	1470	0	1471
13941	1470	0	1471
13946	1470	0	1471
13951	1470	0	1471
13956	1470	0	1471
13961	1470	0	1471
13966	1470	0	1471
13971	1470	0	1471
13976	1470	0	1471
13981	1470	0	1471
13986	1470	0	1472
13991	1470	0	1472
13997	1470	0	1472
14006	1470	0	1472
14011	1470	0	1472
14016	1470	0	1472
14021	1470	0	1472
14026	1470	0	1472
14031	1470	0	1472
14036	1470	0	1472
14041	1470	0	1472
14046	1470	0	1472
14051	1470	0	1472
14056	1470	0	1472
14061	1470	0	1472
14066	1470	0	1472
14071	1470	0	1472
14076	1470	0	1472
14081	1470	0	1472
14086	1470	0	1472
14091	1470	0	1472
14096	1470	0	1472
14101	1470	0	1472
14106	1470	0	1472
14111	1470	0	1472
14116	1470	0	1472
14121	1470	0	1472
14126	1470	0	1472
14131	1470	0	1472
14136	1470	0	1472
14141	1470	0	1472
14146	1470	0	1472
14151	1470	0	1472
14156	1470	0	1472
14161	1470	0	1472
14166	1470	0	1472
14171	1470	0	1472
14176	1470	0	1472
14181	1470	0	1472
14186	1470	0	1472
14191	1470	0	1472
14196	1470	0	1472
14201	1470	0	1472
14206	1470	0	1472
14212	1470	0	1472
14217	1470	0	1472
14226	1470	0	1472
14231	1470	0	1472
14236	1470	0	1472
14241	1470	0	1472
14246	1470	0	1472
14251	1470	0	1472
14256	1470	0	1472
14261	1470	0	1472
14266	1470	0	1472
14271	1470	0	1472
14276	1470	0	1472
14281	1470	0	1472
14286	1470	0	1472
14291	1470	0	1472
14296	1470	0	1472
14301	1470	0	1472
14306	1470	0	1472
14311	1470	0	1472
14316	1470	0	1472
14321	1470	0	1472
14326	1470	0	1472
14331	1470	0	1472
14336	1470	0	1472
14341	1470	0	1472
14346	1470	0	1472
14351	1470	0	1472
14356	1470	0	1472
14361	1470	0	1472
14366	1470	0	1472
14371	1470	0	1472
14376	1470	0	1472
14381	1470	0	1472
14386	1470	0	1472
14391	1470	0	1472
14396	1470	0	1472
14401	1470	0	1472
14406	1470	0	1472
14411	1470	0	1472
14416	1470	0	1472
14421	1470	0	1472
14426	1470	0	1472
14431	1470	0	1472
14436	1470	0	1472
14441	1470	0	1472
14446	1470	0	1472
14451	1470	0	1472
14456	1470	0	1472
14461	1470	0	1472
14466	1470	0	1472
14471	1470	0	1472
14476	1470	0	1472
14481	1470	0	1472
14486	1470	0	1472
14491	1470	0	1472
14496	1470	0	1472
14501	1470	0	1472
14506	1470	0	1472
14511	1470	0	1472
14516	1470	0	1472
14521	1470	0	1472
14526	1470	0	1472
14531	1470	0	1472
14536	1470	0	1472
14541	1470	0	1472
14546	1470	0	1472
14551	1470	0	1472
14556	1470	0	1472
14561	1470	0	1472
14566	1470	0	1472
14571	1470	0	1471
14576	1470	0	1471
14581	1470	0	1471
14586	1470	0	1471
14591	1470	0	1471
14596	1470	0	1471
14601	1470	0	1471
14606	1470	0	1471
14611	1470	0	1470
14616	1470	0	1470
14621	1470	0	1470
14626	1470	0	1470
14631	1470	0	1470
14636	1470	0	1470
14641	1470	0	1470
14646	1470	0	1470
14651	1470	0	1470
14656	1470	0	1470
14661	1470	0	1470
14666	1470	0	1469
14671	1470	0	1469
14676	1470	0	1469
14681	1470	0	1469
14686	1470	0	1469
14691	1470	0	1469
14696	1470	0	1469
14701	1470	0	1469
14706	1470	0	1469
14711	1470	0	1469
14716	1470	0	1469
14721	1470	0	1469
14726	1470	0	1469
14731	1470	0	1469
14736	1470	0	1469
14741	1470	0	1469
14746	1470	0	1469
14751	1470	0	1469
14756	1470	0	1469
14761	1470	0	1469
14766	1470	0	1469
14771	1470	0	1469
14776	1470	0	1469
14781	1470	0	1469
14786	1470	0	1469
14791	1470	0	1469
14796	1470	0	1468
14801	1470	0	1467
14807	1470	0	1467
14813	1470	0	1467
14822	1470	0	1465
14831	1470	0	1464
14836	1470	0	1464
14841	1470	0	1464
14846	1470	0	1464
14851	1470	0	1464
14856	1470	0	1464
14861	1470	0	1464
14867	1470	0	1464
14876	1470	0	1464
14881	1470	0	1464
14886	1470	0	1464
14891	1470	0	1464
14896	1470	0	1464
14901	1470	0	1464
14906	1470	0	1464
14911	1470	0	1464
14916	1470	0	1464
14921	1470	0	1465
14926	1470	0	1465
14931	1470	0	1465
14936	1470	0	1467
14941	1470	0	1467
14946	1470	0	1467
14951	1470	0	1467
14956	1470	0	1468
14961	1470	0	1468
14966	1470	0	1468
14971	1470	0	1468
14976	1470	0	1468
14981	1470	0	1468
14986	1470	0	1468
14991	1470	0	1468
14996	1470	0	1468
15001	1470	0	1468
15006	1470	0	1468
15011	1470	0	1468
15016	1470	0	1468
15021	1470	0	1468
15026	1470	0	1469
15031	1470	0	1469
15036	1470	0	1469
15041	1470	0	1469
15046	1470	0	1469
15051	1470	0	1469
15056	1470	0	1469
15061	1470	0	1469
15066	1470	0	1469
15071	1470	0	1469
15076	1470	0	1469
15081	1470	0	1469
15086	1470	0	1469
15091	1470	0	1469
15096	1470	0	1469
15102	1470	0	1469
15111	1470	0	1469
15116	1470	0	1469
15121	1470	0	1469
15126	1470	0	1469
15131	1470	0	1470
15136	1470	0	1470
15141	1470	0	1470
15146	1470	0	1470
15151	1470	0	1470
15156	1470	0	1470
15161	1470	0	1470
15166	1470	0	1470
15171	1470	0	1470
15176	1470	0	1470
15182	1470	0	1470
15191	1470	0	1470
15196	1470	0	1470
15201	1470	0	1470
15206	1470	0	1470
15211	1470	0	1470
15216	1470	0	1470
15221	1470	0	1470
15226	1470	0	1470
15231	1470	0	1470
15236	1470	0	1470
15241	1470	0	1470
15246	1470	0	1470
15251	1470	0	1470
15256	1470	0	1470
15261	1470	0	1470
15266	1470	0	1470
15271	1470	0	1470
15276	1470	0	1470
15281	1470	0	1470
15286	1470	0	1470
15291	1470	0	1470
15296	1470	0	1470
15301	1470	0	1470
15306	1470	0	1470
15311	1470	0	1470
15316	1470	0	1470
15321	1470	0	1470
15326	1470	0	1470
15331	1470	0	1470
15336	1470	0	1470
15341	1470	0	1470
15346	1470	0	1470
15351	1470	0	1470
15356	1470	0	1470
15361	1470	0	1470
15366	1470	0	1470
15371	1470	0	1470
15376	1470	0	1470
15381	1470	0	1470
15386	1470	0	1470
15392	1470	0	1470
15401	1470	0	1470
15406	1470	0	1470
15411	1470	0	1470
15416	1470	0	1470
15421	1470	0	1470
15426	1470	0	1470
15431	1470	0	1470
15436	1470	0	1470
15441	1470	0	1470
15446	1470	0	1470
15451	1470	0	1470
15456	1470	0	1470
15461	1470	0	1470
15466	1470	0	1470
15471	1470	0	1470
15476	1470	0	1470
15481	1470	0	1470
15486	1470	0	1470
15491	1470	0	1470
15496	1470	0	1470
15501	1470	0	1470
15506	1470	0	1470
15511	1470	0	1470
15516	1470	0	1470
15521	1470	0	1470
15527	1470	0	1470
15536	1470	0	1470
15541	1354	0	1470
15546	1354	0	1470
15551	1354	0	1470
15556	1354	0	1470
15561	1354	0	1470
15566	1354	0	1470
15571	1354	0	1470
15576	1354	0	1470
15581	1354	0	1470
15586	1354	0	1470
15591	1354	0	1470
15596	1354	0	1470
15602	1354	0	1470
15611	1354	0	1470
15616	1354	0	1470
15621	1354	0	1470
15627	1354	0	1470
15632	1354	0	1470
15637	1354	0	1470
15642	1354	0	1470
15651	1354	0	1470
15656	1354	0	1470
15661	1354	0	1470
15666	1354	0	1470
15671	1354	0	1470
15676	1354	0	1470
15681	1354	0	1470
15686	1354	0	1470
15691	1354	0	1470
15696	1354	0	1470
15701	1354	0	1470
15706	1354	0	1470
15711	1354	0	1470
15716	1354	0	1470
15721	1354	0	1470
15726	1354	0	1470
15731	1354	0	1470
15736	1354	0	1470
15741	1354	0	1470
15746	1354	0	1470
15751	1354	0	1470
15756	1354	0	1470
15761	1354	0	1470
15766	1354	0	1470
15771	1354	0	1470
15776	1354	0	1469
15781	1354	0	1469
15786	1354	0	1469
15791	1354	0	1469
15796	1354	0	1469
15801	1354	0	1469
15807	1354	0	1469
15816	1354	0	1469
15821	1354	0	1467
15827	1354	0	1467
15832	1354	0	1467
15837	1354	0	1465
15842	1354	0	1465
15847	1354	0	1465
15852	1354	0	1464
15861	1354	0	1464
15866	1354	0	1462
15871	1354	0	1462
15876	1354	0	1462
15881	1354	0	1461
15886	1354	0	1461
15891	1354	0	1461
15896	1354	0	1460
15901	1354	0	1460
15906	1354	0	1459
15911	1354	0	1459
15916	1354	0	1459
15921	1354	0	1457
15926	1354	0	1456
15931	1354	0	1456
15936	1354	0	1454
15941	1354	0	1452
15946	1354	0	1452
15951	1354	0	1449
15956	1354	0	1446
15961	1354	0	1446
15966	1354	0	1442
15971	1354	0	1437
15976	1354	0	1437
15981	1354	0	1433
15986	1354	0	1428
15991	1354	0	1428
15996	1354	0	1423
16001	1354	0	1418
16006	1354	0	1418
16011	1354	0	1413
16016	1354	0	1408
16021	1354	0	1408
16026	1354	0	1404
16031	1354	0	1400
16036	1354	0	1400
16041	1354	0	1396
16046	1354	0	1391
16051	1354	0	1391
16056	1354	0	1388
16061	1354	0	1384
16066	1354	0	1384
16071	1354	0	1382
16076	1354	0	1379
16081	1354	0	1379
16086	1354	0	1377
16091	1354	0	1375
16096	1354	0	1375
16101	1354	0	1374
16106	1354	0	1373
16111	1354	0	1373
16116	1354	0	1372
16121	1354	0	1372
16126	1354	0	1372
16131	1354	0	1370
16136	1354	0	1370
16141	1354	0	1370
16146	1354	0	1369
16151	1354	0	1369
16156	1354	0	1369
16161	1354	0	1367
16166	1354	0	1367
16171	1354	0	1367
16176	1354	0	1366
16181	1354	0	1366
16186	1354	0	1366
16191	1354	0	1364
16196	1354	0	1364
16201	1354	0	1364
16206	1354	0	1363
16211	1354	0	1363
16216	1354	0	1363
16221	1354	0	1362
16226	1354	0	1362
16231	1354	0	1362
16236	1354	0	1360
16241	1354	0	1360
16246	1354	0	1360
16251	1354	0	1360
16256	1354	0	1360
16261	1354	0	1360
16266	1354	0	1360
16271	1354	0	1359
16276	1354	0	1359
16281	1354	0	1359
16286	1354	0	1359
16291	1354	0	1359
16296	1354	0	1359
16301	1354	0	1358
16306	1354	0	1358
16311	1354	0	1358
16316	1354	0	1358
16321	1354	0	1358
16326	1354	0	1358
16331	1354	0	1358
16336	1354	0	1358
16341	1354	0	1358
16346	1354	0	1358
16351	1354	0	1358
16356	1354	0	1358
16361	1354	0	1358
16366	1354	0	1358
16372	1354	0	1358
16377	1354	0	1358
16386	1354	0	1358
16392	1354	0	1358
16401	1354	0	1357
16406	1354	0	1357
16411	1354	0	1357
16416	1354	0	1357
16421	1354	0	1357
16426	1354	0	1357
16431	1354	0	1357
16436	1354	0	1357
16441	1354	0	1357
16446	1354	0	1357
16451	1354	0	1357
16456	1354	0	1357
16461	1354	0	1357
16466	1354	0	1357
16471	1354	0	1357
16476	1354	0	1357
16481	1354	0	1357
16486	1354	0	1357
16491	1354	0	1357
16496	1354	0	1357
16501	1354	0	1357
16506	1354	0	1357
16512	1354	0	1357
16521	1354	0	1357
16526	1354	0	1357
16531	1354	0	1357
16536	1354	0	1357
16541	1354	0	1357
16546	1354	0	1357
16551	1354	0	1357
16556	1354	0	1357
16561	1354	0	1357
16566	1354	0	1357
16571	1354	0	1357
16576	1354	0	1357
16581	1354	0	1357
16586	1354	0	1357
16591	1354	0	1357
16596	1354	0	1357
16601	1354	0	1357
16606	1354	0	1357
16611	1354	0	1357
16616	1354	0	1357
16621	1354	0	1357
16626	1354	0	1356
16631	1354	0	1356
16636	1354	0	1356
16641	1354	0	1356
16646	1354	0	1356
16651	1354	0	1356
16656	1354	0	1355
16661	1354	0	1355
16666	1354	0	1355
16671	1354	0	1355
16676	1354	0	1355
16681	1354	0	1354
16686	1354	0	1354
16691	1354	0	1354
16696	1354	0	1354
16701	1354	0	1354
16706	1354	0	1354
16711	1354	0	1354
16716	1354	0	1354
16721	1354	0	1354
16726	1354	0	1354
16731	1354	0	1353
16736	1354	0	1353
16741	1354	0	1353
16746	1354	0	1353
16751	1354	0	1353
16756	1354	0	1353
16761	1354	0	1352
16766	1354	0	1352
16771	1354	0	1352
16776	1354	0	1352
16781	1354	0	1352
16786	1354	0	1352
16791	1354	0	1352
16796	1354	0	1352
16801	1354	0	1352
16806	1354	0	1352
16811	1354	0	1352
16816	1354	0	1352
16821	1354	0	1352
16826	1354	0	1352
16831	1354	0	1352
16836	1354	0	1352
16841	1354	0	1352
16846	1354	0	1352
16851	1354	0	1352
16856	1354	0	1352
16861	1354	0	1352
16866	1354	0	1352
16871	1354	0	1352
16876	1354	0	1352
16881	1354	0	1352
16886	1354	0	1352
16891	1354	0	1353
16897	1354	0	1353
16906	1354	0	1353
16911	1354	0	1353
16916	1354	0	1353
16921	1354	0	1353
16926	1354	0	1353
16932	1354	0	1353
16937	1354	0	1354
16942	1354	0	1354
16951	1354	0	1354
16956	1354	0	1354
16961	1354	0	1354
16966	1354	0	1354
16971	1354	0	1355
16976	1354	0	1355
16981	1354	0	1355
16986	1354	0	1355
16991	1354	0	1355
16996	1354	0	1355
17002	1354	0	1355
17007	1354	0	1355
17012	1354	0	1355
17022	1354	0	1355
17031	1354	0	1355
17037	1354	0	1355
17046	1354	0	1356
17051	1354	0	1356
17056	1354	0	1356
17062	1354	0	1356
17071	1354	0	1356
17076	1354	0	1356
17082	1354	0	1356
17091	1354	0	1356
17096	1354	0	1356
17101	1354	0	1356
17106	1354	0	1356
17111	1354	0	1356
17116	1354	0	1356
17122	1354	0	1356
17131	1354	0	1356
17136	1354	0	1356
17141	1354	0	1356
17146	1354	0	1356
17151	1354	0	1356
17157	1354	0	1356
17166	1354	0	1357
17171	1354	0	1357
17176	1354	0	1357
17181	1354	0	1357
17186	1354	0	1357
17191	1354	0	1357
17196	1354	0	1357
17201	1354	0	1357
17206	1354	0	1357
17211	1354	0	1357
17216	1354	0	1357
17221	1354	0	1357
17226	1354	0	1357
17231	1354	0	1357
17236	1354	0	1357
17241	1354	0	1357
17246	1354	0	1357
17251	1354	0	1357
17256	1354	0	1357
17261	1354	0	1357
17266	1354	0	1357
17271	1354	0	1357
17276	1354	0	1357
17281	1354	0	1357
17286	1354	0	1357
17291	1354	0	1357
17296	1354	0	1357
17301	1354	0	1357
17307	1354	0	1357
17316	1354	0	1357
17321	1354	0	1357
17326	1508	0	1357
17331	1508	0	1357
17336	1508	0	1357
17341	1508	0	1357
17346	1508	0	1357
17351	1508	0	1357
17356	1508	0	1357
17361	1508	0	1357
17366	1508	0	1357
17371	1508	0	1357
17376	1508	0	1357
17381	1508	0	1357
17386	1508	0	1357
17391	1508	0	1357
17396	1508	0	1357
17401	1508	0	1357
17406	1508	0	1357
17411	1508	0	1357
17416	1508	0	1356
17421	1508	0	1356
17427	1508	0	1356
17436	1508	0	1356
17441	1508	0	1356
17446	1508	0	1356
17451	1508	0	1356
17456	1508	0	1356
17461	1508	0	1355
17466	1508	0	1355
17471	1508	0	1355
17476	1508	0	1355
17481	1508	0	1355
17486	1508	0	1355
17491	1508	0	1355
17496	1508	0	1354
17501	1508	0	1354
17506	1508	0	1354
17511	1508	0	1354
17516	1508	0	1354
17521	1508	0	1354
17526	1508	0	1354
17531	1508	0	1354
17536	1508	0	1354
17541	1508	0	1354
17546	1508	0	1354
17551	1508	0	1354
17556	1508	0	1354
17561	1508	0	1354
17566	1508	0	1354
17571	1508	0	1354
17576	1508	0	1354
17581	1508	0	1354
17586	1508	0	1354
17591	1508	0	1354
17596	1508	0	1354
17601	1508	0	1354
17606	1508	0	1354
17611	1508	0	1354
17616	1508	0	1356
17621	1508	0	1356
17626	1508	0	1357
17631	1508	0	1358
17636	1508	0	1358
17641	1508	0	1360
17646	1508	0	1362
17651	1508	0	1362
17656	1508	0	1365
17661	1508	0	1368
17666	1508	0	1368
17671	1508	0	1370
17676	1508	0	1374
17681	1508	0	1374
17686	1508	0	1376
17691	1508	0	1380
17696	1508	0	1380
17701	1508	0	1384
17706	1508	0	1387
17711	1508	0	1387
17716	1508	0	1392
17721	1508	0	1395
17726	1508	0	1395
17731	1508	0	1400
17736	1508	0	1403
17741	1508	0	1403
17746	1508	0	1408
17751	1508	0	1411
17756	1508	0	1411
17761	1508	0	1414
17766	1508	0	1418
17771	1508	0	1418
17776	1508	0	1421
17781	1508	0	1424
17786	1508	0	1424
17791	1508	0	1428
17796	1508	0	1431
17801	1508	0	1431
17806	1508	0	1434
17811	1508	0	1438
17816	1508	0	1438
17821	1508	0	1442
17826	1508	0	1446
17831	1508	0	1446
17836	1508	0	1448
17841	1508	0	1452
17846	1508	0	1452
17851	1508	0	1454
17856	1508	0	1457
17861	1508	0	1457
17866	1508	0	1460
17871	1508	0	1462
17876	1508	0	1462
17881	1508	0	1465
17886	1508	0	1467
17891	1508	0	1467
17896	1508	0	1469
17901	1508	0	1471
17906	1508	0	1471
17911	1508	0	1474
17916	1508	0	1476
17921	1508	0	1476
17926	1508	0	1477
17931	1508	0	1479
17936	1508	0	1479
17941	1508	0	1481
17946	1508	0	1483
17952	1508	0	1483
17957	1508	0	1484
17962	1508	0	1486
17971	1508	0	1487
17977	1508	0	1488
17986	1508	0	1489
17992	1508	0	1491
18001	1508	0	1491
18007	1508	0	1491
18016	1508	0	1492
18021	1508	0	1492
18026	1508	0	1493
18031	1508	0	1493
18036	1508	0	1493
18041	1508	0	1493
18046	1508	0	1494
18051	1508	0	1494
18056	1508	0	1494
18061	1508	0	1494
18066	1508	0	1494
18071	1508	0	1494
18076	1508	0	1494
18081	1508	0	1494
18086	1508	0	1495
18091	1508	0	1495
18096	1508	0	1495
18101	1508	0	1495
18106	1508	0	1495
18111	1508	0	1495
18116	1508	0	1495
18121	1508	0	1496
18126	1508	0	1496
18131	1508	0	1496
18136	1508	0	1496
18141	1508	0	1496
18146	1508	0	1496
18151	1508	0	1496
18156	1508	0	1496
18161	1508	0	1496
18166	1508	0	1496
18171	1508	0	1496
18176	1508	0	1496
18181	1508	0	1496
18186	1508	0	1496
18191	1508	0	1497
18196	1508	0	1497
18201	1508	0	1497
18206	1508	0	1497
18211	1508	0	1497
18216	1508	0	1497
18221	1508	0	1497
18226	1508	0	1497
18231	1508	0	1497
18236	1508	0	1497
18241	1508	0	1497
18246	1508	0	1497
18251	1508	0	1497
18256	1508	0	1497
18261	1508	0	1497
18266	1508	0	1497
18272	1508	0	1497
18281	1508	0	1497
18286	1508	0	1497
18291	1508	0	1497
18296	1508	0	1497
18301	1508	0	1498
18306	1508	0	1498
18311	1508	0	1498
18317	1508	0	1498
18326	1508	0	1499
18331	1508	0	1499
18336	1508	0	1499
18341	1508	0	1499
18346	1508	0	1499
18351	1508	0	1499
18356	1508	0	1500
18361	1508	0	1500
18367	1508	0	1500
18376	1508	0	1500
18381	1508	0	1500
18386	1508	0	1500
18392	1508	0	1502
18402	1508	0	1502
18411	1508	0	1503
18416	1508	0	1503
18421	1508	0	1504
18426	1508	0	1504
18431	1508	0	1504
18436	1508	0	1505
18441	1508	0	1505
18446	1508	0	1505
18451	1508	0	1505
18456	1508	0	1505
18461	1508	0	1505
18466	1508	0	1505
18471	1508	0	1505
18476	1508	0	1505
18481	1508	0	1505
18486	1508	0	1505
18491	1508	0	1505
18496	1508	0	1506
18501	1508	0	1506
18506	1508	0	1506
18511	1508	0	1506
18516	1508	0	1506
18521	1508	0	1506
18526	1508	0	1506
18531	1508	0	1506
18536	1508	0	1506
18541	1508	0	1507
18546	1508	0	1507
18551	1508	0	1507
18556	1508	0	1507
18562	1508	0	1507
18572	1508	0	1507
18582	1508	0	1507
18592	1508	0	1507
18602	1508	0	1507
18612	1508	0	1507
18622	1508	0	1507
18632	1508	0	1507
18642	1508	0	1507
18652	1508	0	1507
18662	1508	0	1507
18672	1508	0	1507
18681	1508	0	1507
18686	1508	0	1507
18691	1508	0	1507
18696	1508	0	1507
18701	1508	0	1507
18706	1508	0	1507
18711	1508	0	1507
18717	1508	0	1507
18726	1508	0	1507
18732	1508	0	1507
18737	1508	0	1507
18747	1508	0	1507
18756	1508	0	1507
18761	1508	0	1507
18766	1508	0	1507
18771	1508	0	1507
18776	1508	0	1507
18781	1508	0	1507
18786	1508	0	1507
18791	1508	0	1507
18796	1508	0	1507
18801	1508	0	1507
18806	1508	0	1507
18812	1508	0	1507
18821	1508	0	1507
18826	1508	0	1507
18832	1508	0	1507
18841	1508	0	1507
18846	1508	0	1507
18851	1508	0	1507
18856	1508	0	1507
18861	1508	0	1507
18867	1508	0	1507
18876	1508	0	1507
18881	1508	0	1507
18886	1508	0	1507
18891	1508	0	1507
18896	1508	0	1507
18901	1508	0	1507
18906	1508	0	1507
18911	1508	0	1507
18916	1508	0	1507
18921	1508	0	1507
18926	1508	0	1507
18931	1508	0	1507
18936	1508	0	1507
18941	1508	0	1507
18946	1508	0	1507
18952	1508	0	1507
18962	1508	0	1507
18972	1508	0	1507
18982	1508	0	1507
18992	1508	0	1507
19002	1508	0	1507
19012	1508	0	1507
19021	1508	0	1507
19026	1508	0	1507
19032	1508	0	1507
19042	1508	0	1507
19052	1508	0	1507
19061	1508	0	1507
19066	1508	0	1507
19072	1508	0	1507
19081	1508	0	1507
19086	1508	0	1507
19092	1508	0	1507
19101	1508	0	1507
19106	1508	0	1507
19111	1508	0	1507
19116	1508	0	1507
19121	1508	0	1507
19126	1508	0	1507
19131	1508	0	1507
19136	1508	0	1507
19141	1508	0	1507
19146	1508	0	1507
19151	1508	0	1507
19156	1508	0	1507
19161	1508	0	1507
19166	1508	0	1507
19171	1508	0	1507
19176	1508	0	1507
19181	1508	0	1507
19187	1508	0	1507
19196	1508	0	1507
19201	1508	0	1507
19206	1508	0	1507
19211	1508	0	1506
19216	1508	0	1506
19221	1508	0	1506
19226	1508	0	1506
19232	1508	0	1506
19242	1508	0	1506
19252	1508	0	1506
19262	1508	0	1506
19272	1508	0	1506
19282	1508	0	1506
19292	1508	0	1506
19301	1508	0	1506
19306	1508	0	1506
19311	1508	0	1506
19316	1508	0	1506
19321	1508	0	1506
19326	1508	0	1506
19331	1508	0	1506
19336	1508	0	1506
19341	1508	0	1506
19346	1508	0	1506
19351	1508	0	1506
19356	1508	0	1506
19361	1508	0	1506
19366	1508	0	1506
19371	1508	0	1506
19377	1508	0	1506
19387	1319	0	1506
19397	1319	0	1506
19407	1319	0	1506
19416	1319	0	1506
19421	1319	0	1506
19426	1319	0	1506
19431	1319	0	1506
19436	1319	0	1506
19441	1319	0	1506
19446	1319	0	1506
19452	1319	0	1506
19462	1319	0	1506
19472	1319	0	1506
19482	1319	0	1506
19492	1319	0	1506
19502	1319	0	1506
19512	1319	0	1506
19522	1319	0	1506
19532	1319	0	1506
19542	1319	0	1506
19552	1319	0	1506
19562	1319	0	1506
19572	1319	0	1506
19582	1319	0	1506
19592	1319	0	1506
19602	1319	0	1506
19612	1319	0	1506
19622	1319	0	1506
19632	1319	0	1506
19642	1319	0	1506
19651	1319	0	1506
19656	1319	0	1506
19661	1319	0	1506
19666	1319	0	1506
19671	1319	0	1504
19677	1319	0	1504
19686	1319	0	1502
19691	1319	0	1501
19696	1319	0	1500
19701	1319	0	1500
19706	1319	0	1498
19711	1319	0	1498
19716	1319	0	1496
19721	1319	0	1494
19726	1319	0	1494
19731	1319	0	1493
19736	1319	0	1490
19741	1319	0	1490
19746	1319	0	1487
19751	1319	0	1484
19756	1319	0	1484
19761	1319	0	1480
19766	1319	0	1476
19771	1319	0	1476
19776	1319	0	1471
19781	1319	0	1465
19786	1319	0	1465
19791	1319	0	1459
19796	1319	0	1452
19802	1319	0	1445
19811	1319	0	1438
19816	1319	0	1438
19821	1319	0	1430
19826	1319	0	1423
19831	1319	0	1423
19837	1319	0	1417
19846	1319	0	1405
19851	1319	0	1405
19856	1319	0	1400
19861	1319	0	1395
19866	1319	0	1395
19871	1319	0	1391
19876	1319	0	1391
19881	1319	0	1387
19886	1319	0	1382
19891	1319	0	1382
19896	1319	0	1378
19901	1319	0	1374
19906	1319	0	1374
19911	1319	0	1370
19917	1319	0	1366
19926	1319	0	1364
19931	1319	0	1361
19936	1319	0	1361
19941	1319	0	1358
19946	1319	0	1356
19951	1319	0	1356
19956	1319	0	1354
19961	1319	0	1353
19966	1319	0	1353
19971	1319	0	1350
19976	1319	0	1349
19981	1319	0	1349
19986	1319	0	1346
19991	1319	0	1345
19996	1319	0	1345
20001	1319	0	1343
20006	1319	0	1341
20011	1319	0	1341
20016	1319	0	1339
20021	1319	0	1338
20027	1319	0	1338
20037	1319	0	1336
20054	1319	0	1336
20061	1319	0	1334
20066	1319	0	1333
20071	1319	0	1333
20076	1319	0	1333
20081	1319	0	1332
20086	1319	0	1332
20091	1319	0	1332
20096	1319	0	1331
20101	1319	0	1331
20106	1319	0	1331
20111	1319	0	1330
20116	1319	0	1330
20121	1319	0	1330
20126	1319	0	1329
20131	1319	0	1329
20136	1319	0	1329
20141	1319	0	1328
20146	1319	0	1328
20151	1319	0	1328
20156	1319	0	1327
20161	1319	0	1327
20166	1319	0	1327
20171	1319	0	1326
20177	1319	0	1326
20182	1319	0	1326
20187	1319	0	1326
20192	1319	0	1326
20201	1319	0	1326
20207	1319	0	1326
20212	1319	0	1325
20217	1319	0	1325
20226	1319	0	1325
20231	1319	0	1325
20236	1319	0	1325
20241	1319	0	1325
20246	1319	0	1325
20251	1319	0	1325
20256	1319	0	1325
20261	1319	0	1325
20267	1319	0	1325
20276	1319	0	1324
20281	1319	0	1324
20286	1319	0	1324
20291	1319	0	1323
20296	1319	0	1323
20301	1319	0	1323
20306	1319	0	1323
20312	1319	0	1323
20317	1319	0	1322
20322	1319	0	1322
20327	1319	0	1322
20332	1319	0	1321
20337	1319	0	1321
20342	1319	0	1321
20351	1319	0	1320
20356	1319	0	1320
20361	1319	0	1320
20366	1319	0	1320
20372	1319	0	1320
20381	1319	0	1319
20386	1319	0	1319
20391	1319	0	1319
20396	1319	0	1318
20401	1319	0	1318
20406	1319	0	1318
20411	1319	0	1318
20417	1319	0	1318
20426	1319	0	1317
20431	1319	0	1317
20436	1319	0	1317
20441	1319	0	1317
20447	1319	0	1317
20456	1319	0	1316
20461	1319	0	1316
20466	1319	0	1316
20471	1319	0	1316
20476	1319	0	1316
20481	1319	0	1316
20486	1319	0	1316
20491	1319	0	1316
20496	1319	0	1316
20501	1319	0	1316
20506	1319	0	1316
20511	1319	0	1316
20516	1319	0	1316
20521	1319	0	1316
20526	1319	0	1316
20531	1319	0	1316
20536	1319	0	1316
20541	1319	0	1316
20546	1319	0	1316
20551	1319	0	1316
20556	1319	0	1316
20561	1319	0	1316
20568	1319	0	1316
20576	1319	0	1316
20581	1319	0	1316
20586	1319	0	1316
20591	1319	0	1316
20597	1319	0	1316
20606	1319	0	1316
20611	1319	0	1316
20616	1319	0	1316
20621	1319	0	1316
20626	1319	0	1316
20631	1319	0	1316
20636	1319	0	1316
20641	1319	0	1316
20646	1319	0	1316
20651	1319	0	1316
20657	1319	0	1316
20666	1319	0	1316
20671	1319	0	1316
20676	1319	0	1316
20681	1319	0	1316
20686	1319	0	1316
20691	1319	0	1316
20696	1319	0	1316
20702	1319	0	1316
20711	1319	0	1316
20716	1319	0	1316
20721	1319	0	1316
20726	1319	0	1316
20731	1319	0	1316
20736	1319	0	1317
20741	1319	0	1317
20746	1319	0	1317
20751	1319	0	1317
20756	1319	0	1317
20761	1319	0	1317
20766	1319	0	1317
20771	1319	0	1317
20776	1319	0	1317
20781	1319	0	1317
20786	1319	0	1317
20792	1319	0	1317
20801	1319	0	1317
20807	1319	0	1317
20816	1319	0	1317
20821	1319	0	1318
20826	1319	0	1318
20831	1319	0	1318
20836	1319	0	1318
20841	1319	0	1318
20846	1319	0	1318
20851	1319	0	1318
20856	1319	0	1318
20861	1319	0	1318
20866	1319	0	1318
20871	1319	0	1318
20876	1319	0	1318
20881	1319	0	1318
20886	1319	0	1318
20891	1319	0	1318
20896	1319	0	1318
20901	1319	0	1319
20906	1319	0	1319
20911	1319	0	1319
20916	1319	0	1319
20921	1319	0	1319
20926	1319	0	1319
20931	1319	0	1319
20936	1319	0	1319
20941	1319	0	1319
20946	1319	0	1319
20951	1319	0	1319
20956	1319	0	1319
20961	1319	0	1319
20966	1319	0	1319
20971	1319	0	1319
20976	1319	0	1320
20981	1319	0	1320
20986	1319	0	1320
20991	1319	0	1320
20996	1319	0	1320
21001	1319	0	1320
21006	1319	0	1320
21011	1319	0	1320
21016	1319	0	1320
21021	1319	0	1321
21026	1319	0	1321
21031	1319	0	1321
21036	1319	0	1321
21041	1319	0	1321
21046	1319	0	1321
21051	1319	0	1321
21056	1319	0	1321
21061	1319	0	1321
21066	1319	0	1321
21071	1319	0	1321
21076	1319	0	1321
21081	1319	0	1322
21086	1319	0	1322
21091	1319	0	1322
21096	1319	0	1322
21101	1319	0	1322
21106	1319	0	1322
21111	1319	0	1323
21116	1319	0	1323
21121	1319	0	1323
21126	1319	0	1323
21131	1319	0	1323
21136	1319	0	1323
21141	1319	0	1324
21147	1319	0	1324
21156	1319	0	1324
21161	1319	0	1324
21166	1319	0	1324
21171	1319	0	1324
21176	1319	0	1324
21182	1319	0	1324
21187	1319	0	1324
21192	1319	0	1324
21197	1319	0	1324
21206	1319	0	1324
21211	1319	0	1324
21216	1319	0	1324
21221	1319	0	1324
21226	1319	0	1324
21231	1319	0	1324
21236	1319	0	1324
21241	1319	0	1324
21246	1319	0	1324
21251	1319	0	1324
21256	1319	0	1324
21261	1319	0	1324
21266	1319	0	1324
21271	1319	0	1324
21276	1319	0	1324
21281	1319	0	1324
21286	1319	0	1324
21291	1319	0	1324
21296	1319	0	1324
21301	1319	0	1324
21306	1319	0	1324
21311	1319	0	1324
21316	1319	0	1324
21321	1319	0	1324
21326	1319	0	1324
21331	1319	0	1324
21336	1319	0	1324
21341	1319	0	1324
21346	1319	0	1323
21351	1319	0	1323
21356	1319	0	1323
21361	1319	0	1323
21366	1319	0	1323
21371	1319	0	1323
21376	1319	0	1323
21381	1319	0	1323
21386	1319	0	1323
21391	1319	0	1323
21396	1319	0	1322
21401	1319	0	1322
21406	1319	0	1322
21412	1319	0	1322
21421	1319	0	1322
21426	1319	0	1322
21431	1319	0	1322
21436	1319	0	1322
21441	1319	0	1322
21446	1319	0	1322
21451	1319	0	1322
21456	1319	0	1322
21461	1319	0	1322
21466	1319	0	1322
21471	1319	0	1322
21476	1319	0	1322
21481	1319	0	1322
21486	1319	0	1322
21491	1319	0	1322
21496	1319	0	1322
21501	1319	0	1322
21506	1319	0	1322
21511	1319	0	1322
21516	1319	0	1322
21521	1319	0	1322
21526	1319	0	1322
21531	1319	0	1322
21536	1319	0	1322
21541	1319	0	1322
21546	1319	0	1322
21552	1319	0	1322
21561	1319	0	1322
21566	1319	0	1322
21571	1319	0	1322
21576	1319	0	1322
21581	1319	0	1322
21586	1319	0	1322
21591	1319	0	1322
21596	1319	0	1322
21601	1319	0	1322
21606	1319	0	1322
21611	1319	0	1322
21616	1319	0	1322
21621	1319	0	1322
21626	1319	0	1322
21631	1319	0	1322
21636	1319	0	1322
21641	1319	0	1322
21646	1319	0	1322
21651	1319	0	1322
21656	1319	0	1322
21661	1319	0	1322
21666	1319	0	1322
21671	1319	0	1322
21676	1319	0	1322
21681	1319	0	1322
21686	1319	0	1322
21691	1319	0	1322
21696	1319	0	1322
21702	1319	0	1322
21711	1319	0	1322
21716	1319	0	1322
21722	1319	0	1322
21727	1319	0	1322
21732	1319	0	1322
21737	1319	0	1322
21746	1319	0	1322
21751	1319	0	1322
21756	1319	0	1322
21762	1319	0	1322
21771	1319	0	1321
21776	1319	0	1321
21782	1319	0	1321
21787	1319	0	1321
21796	1319	0	1321
21801	1319	0	1321
21806	1319	0	1321
21812	1319	0	1321
21817	1319	0	1320
21822	1319	0	1320
21827	1319	0	1320
21832	1319	0	1320
21837	1319	0	1320
21842	1319	0	1320
21847	1319	0	1320
21852	1319	0	1320
21862	1319	0	1320
21871	1319	0	1320
21876	1319	0	1320
21881	1319	0	1320
21886	1319	0	1320
21891	1319	0	1320
21896	1319	0	1320
21901	1319	0	1320
21906	1319	0	1320
21911	1319	0	1320
21916	1319	0	1320
21921	1319	0	1320
21926	1319	0	1320
21931	1319	0	1320
21936	1319	0	1320
21941	1319	0	1320
21946	1319	0	1320
21951	1319	0	1320
21957	1319	0	1320
21966	1319	0	1320
21971	1319	0	1320
21976	1319	0	1320
21981	1319	0	1320
21986	1319	0	1320
21991	1319	0	1320
21996	1319	0	1320
22001	1319	0	1320
22006	1319	0	1320
22011	1319	0	1320
22016	1319	0	1320
22021	1319	0	1320
22026	1319	0	1320
22031	1319	0	1320
22036	1319	0	1320
22041	1319	0	1320
22046	1319	0	1320
22051	1319	0	1320
22056	1319	0	1320
22061	1319	0	1320
22066	1319	0	1320
22071	1319	0	1320
22076	1319	0	1320
22081	1319	0	1320
22086	1319	0	1320
22091	1319	0	1320
22096	1319	0	1320
22101	1319	0	1320
22106	1319	0	1320
22111	1319	0	1320
22116	1319	0	1320
22121	1319	0	1320
22126	1319	0	1320
22131	1319	0	1320
22136	1319	0	1320
22141	1319	0	1320
22146	1319	0	1320
22152	1319	0	1320
22161	1319	0	1320
22166	1319	0	1320
22171	1319	0	1320
22176	1319	0	1320
22182	1319	0	1320
22187	1319	0	1320
22192	1319	0	1320
22197	1319	0	1320
22206	1319	0	1320
22211	1319	0	1320
22216	1319	0	1320
22221	1319	0	1320
22226	1319	0	1320
22232	1319	0	1320
22237	1319	0	1320
22246	1319	0	1320
22251	1319	0	1320
22256	1319	0	1320
22261	1319	0	1319
22266	1319	0	1319
22271	1319	0	1319
22276	1319	0	1319
22281	1319	0	1319
22286	1319	0	1319
22291	1319	0	1319
22296	1319	0	1319
22301	1319	0	1319
22306	1319	0	1319
22311	1319	0	1319
22316	1319	0	1319
22321	1319	0	1319
22326	1319	0	1319
22331	1319	0	1319
22336	1319	0	1319
22341	1319	0	1319
22346	1319	0	1319
22351	1319	0	1319
22356	1319	0	1319
22361	1319	0	1319
22366	1319	0	1319
22371	1319	0	1319
22376	1319	0	1319
22381	1319	0	1319
22386	1319	0	1319
22391	1319	0	1319
22396	1319	0	1319
22401	1319	0	1319
22406	1319	0	1319
22411	1319	0	1319
22416	1319	0	1319
22421	1319	0	1319
22426	1319	0	1319
22431	1319	0	1319
22436	1319	0	1319
22441	1319	0	1319
22446	1319	0	1319
22451	1319	0	1319
22456	1319	0	1319
22461	1319	0	1319
22466	1319	0	1319
22471	1319	0	1319
22476	1319	0	1319
22481	1319	0	1319
22486	1319	0	1319
22491	1319	0	1319
22496	1319	0	1319
22501	1319	0	1319
22506	1319	0	1319
22511	1319	0	1319
22516	1319	0	1319
22521	1319	0	1319
22526	1319	0	1319
22531	1319	0	1319
22536	1319	0	1319
22541	1319	0	1319
22546	1319	0	1319
22551	1319	0	1319
22556	1319	0	1319
22561	1319	0	1319
22566	1319	0	1319
22571	1319	0	1319
22576	1319	0	1319
22581	1319	0	1319
22586	1319	0	1319
22591	1319	0	1319
22596	1319	0	1319
22601	1319	0	1319
22606	1319	0	1319
22611	1319	0	1319
22616	1319	0	1319
22621	1319	0	1319
22626	1319	0	1319
22631	1319	0	1319
22636	1319	0	1319
22641	1319	0	1319
22646	1319	0	1319
22651	1319	0	1319
22656	1319	0	1319
22661	1319	0	1319
22666	1319	0	1319
22671	1319	0	1319
22676	1319	0	1319
22681	1319	0	1319
22686	1319	0	1319
22691	1319	0	1319
22696	1319	0	1319
22702	1319	0	1319
22712	1319	0	1319
22717	1319	0	1319
22722	1319	0	1319
22727	1319	0	1319
22736	1319	0	1319
22741	1319	0	1319
22746	1319	0	1319
22751	1319	0	1319
22756	1319	0	1320
22761	1319	0	1320
22766	1319	0	1320
22771	1319	0	1320
22776	1319	0	1320
22781	1319	0	1320
22786	1319	0	1320
22791	1319	0	1320
22796	1319	0	1320
22801	1319	0	1320
22806	1319	0	1320
22811	1319	0	1319
22816	1319	0	1319
22821	1319	0	1319
22826	1319	0	1319
22831	1319	0	1319
22836	1319	0	1319
22842	1319	0	1319
22847	1319	0	1319
22852	1319	0	1319
22861	1319	0	1319
22866	1319	0	1319
22871	1319	0	1319
22876	1319	0	1319
22881	1319	0	1319
22886	1319	0	1319
22891	1319	0	1319
22896	1319	0	1319
22901	1319	0	1319
22906	1319	0	1319
22911	1319	0	1319
22916	1319	0	1319
22921	1319	0	1319
22926	1319	0	1319
22931	1319	0	1319
22936	1319	0	1319
22941	1319	0	1319
22946	1319	0	1319
22951	1319	0	1319
22956	1319	0	1319
22961	1319	0	1318
22966	1319	0	1318
22971	1319	0	1318
22976	1319	0	1318
22981	1319	0	1318
22986	1319	0	1318
22991	1319	0	1318
22996	1319	0	1318
23001	1319	0	1318
23006	1319	0	1318
23011	1319	0	1318
23016	1319	0	1318
23021	1319	0	1318
23026	1319	0	1318
23031	1319	0	1318
23036	1319	0	1318
23041	1319	0	1318
23046	1319	0	1318
23051	1319	0	1318
23056	1319	0	1318
23061	1319	0	1318
23066	1319	0	1318
23071	1319	0	1318
23076	1319	0	1318
23081	1319	0	1317
23086	1319	0	1317
23091	1319	0	1317
23096	1319	0	1317
23101	1319	0	1317
23106	1319	0	1317
23111	1319	0	1317
23116	1319	0	1317
23121	1319	0	1317
23126	1319	0	1317
23131	1319	0	1317
23136	1319	0	1317
23141	1319	0	1317
23146	1319	0	1317
23151	1319	0	1317
23156	1319	0	1317
23161	1319	0	1317
23166	1319	0	1317
23171	1319	0	1317
23176	1319	0	1317
23181	1319	0	1317
23186	1319	0	1317
23191	1319	0	1317
23196	1319	0	1317
23201	1319	0	1317
23206	1319	0	1317
23211	1319	0	1317
23216	1319	0	1317
23221	1319	0	1317
23227	1319	0	1317
23236	1319	0	1316
23241	1319	0	1316
23246	1319	0	1316
23251	1319	0	1316
23256	1319	0	1316
23261	1319	0	1316
23266	1319	0	1316
23271	1319	0	1316
23276	1319	0	1316
23281	1319	0	1316
23286	1319	0	1316
23291	1319	0	1316
23296	1319	0	1316
23302	1319	0	1316
23307	1319	0	1316
23312	1319	0	1316
23321	1319	0	1316
23326	1319	0	1315
23332	1319	0	1315
23337	1319	0	1315
23347	1319	0	1315
23356	1319	0	1315
23361	1319	0	1315
23366	1319	0	1315
23371	1319	0	1315
23376	1319	0	1315
23381	1319	0	1315
23386	1319	0	1315
23391	1319	0	1315
23396	1319	0	1315
23401	1319	0	1315
23406	1319	0	1315
23412	1319	0	1315
23421	1319	0	1315
23426	1319	0	1315
23431	1319	0	1315
23436	1319	0	1315
23441	1319	0	1315
23446	1319	0	1315
23451	1319	0	1315
23456	1319	0	1315
23461	1319	0	1315
23467	1319	0	1315
23472	1319	0	1315
23477	1319	0	1315
23482	1319	0	1315
23491	1319	0	1315
23496	1319	0	1315
23501	1319	0	1315
23506	1319	0	1315
23512	1319	0	1315
23521	1319	0	1315
23526	1319	0	1315
23531	1319	0	1315
23536	1319	0	1315
23541	1319	0	1315
23546	1319	0	1315
23551	1319	0	1315
23556	1319	0	1315
23561	1319	0	1315
23566	1319	0	1315
23571	1319	0	1315
23576	1319	0	1315
23581	1319	0	1315
23586	1319	0	1315
23591	1319	0	1315
23596	1319	0	1315
23601	1319	0	1315
23606	1319	0	1315
23611	1319	0	1315
23616	1319	0	1315
23621	1319	0	1315
23626	1319	0	1315
23631	1319	0	1315
23636	1319	0	1315
23641	1319	0	1315
23646	1319	0	1315
23651	1319	0	1315
23656	1319	0	1315
23661	1319	0	1315
23666	1319	0	1315
23671	1319	0	1315
23676	1319	0	1315
23681	1319	0	1315
23686	1319	0	1315
23693	1319	0	1315
23701	1319	0	1316
23706	1319	0	1316
23711	1262	0	1316
23716	1262	0	1316
23721	1262	0	1316
23726	1262	0	1316
23732	1262	0	1316
23737	1262	0	1316
23742	1262	0	1316
23747	1262	0	1316
23752	1262	0	1316
23761	1262	0	1316
23767	1262	0	1316
23772	1262	0	1316
23781	1262	0	1316
23786	1262	0	1316
23791	1262	0	1316
23796	1262	0	1316
23801	1262	0	1316
23806	1262	0	1316
23811	1262	0	1317
23816	1262	0	1317
23821	1262	0	1317
23826	1262	0	1317
23831	1262	0	1317
23836	1262	0	1317
23841	1262	0	1317
23846	1262	0	1317
23851	1262	0	1317
23856	1262	0	1317
23861	1262	0	1317
23866	1262	0	1317
23871	1262	0	1317
23876	1262	0	1317
23881	1262	0	1317
23886	1262	0	1317
23891	1262	0	1317
23896	1262	0	1317
23901	1262	0	1317
23906	1262	0	1317
23911	1262	0	1317
23916	1262	0	1317
23921	1262	0	1317
23926	1262	0	1317
23931	1262	0	1317
23936	1262	0	1317
23941	1262	0	1317
23946	1262	0	1317
23951	1262	0	1317
23956	1262	0	1317
23961	1262	0	1317
23966	1262	0	1317
23971	1262	0	1317
23976	1262	0	1317
23981	1262	0	1317
23986	1262	0	1317
23991	1262	0	1317
23996	1262	0	1317
24001	1262	0	1317
24006	1262	0	1316
24011	1262	0	1316
24016	1262	0	1316
24021	1262	0	1316
24026	1262	0	1316
24031	1262	0	1314
24036	1262	0	1314
24041	1262	0	1313
24046	1262	0	1312
24051	1262	0	1312
24056	1262	0	1310
24061	1262	0	1308
24066	1262	0	1308
24071	1262	0	1306
24076	1262	0	1303
24081	1262	0	1303
24086	1262	0	1300
24091	1262	0	1297
24096	1262	0	1297
24101	1262	0	1293
24106	1262	0	1290
24111	1262	0	1290
24116	1262	0	1286
24121	1262	0	1282
24126	1262	0	1282
24131	1262	0	1278
24136	1262	0	1275
24141	1262	0	1275
24146	1262	0	1271
24151	1262	0	1269
24156	1262	0	1269
24161	1262	0	1266
24166	1262	0	1265
24171	1262	0	1265
24176	1262	0	1263
24181	1262	0	1262
24186	1262	0	1262
24191	1262	0	1262
24196	1262	0	1262
24201	1262	0	1262
24206	1262	0	1262
24211	1262	0	1262
24216	1262	0	1262
24221	1262	0	1262
24226	1262	0	1262
24231	1262	0	1262
24236	1262	0	1262
24241	1262	0	1262
24246	1262	0	1262
24252	1262	0	1262
24261	1262	0	1262
24266	1262	0	1262
24271	1262	0	1262
24276	1262	0	1262
24281	1262	0	1262
24286	1262	0	1262
24291	1262	0	1262
24296	1262	0	1262
24301	1262	0	1262
24306	1262	0	1262
24311	1262	0	1262
24316	1262	0	1262
24321	1262	0	1262
24326	1262	0	1262
24331	1262	0	1262
24336	1262	0	1262
24341	1262	0	1262
24346	1262	0	1262
24351	1262	0	1262
24356	1262	0	1262
24361	1262	0	1262
24366	1262	0	1262
24371	1262	0	1262
24376	1262	0	1262
24381	1262	0	1262
24386	1262	0	1262
24391	1262	0	1262
24396	1262	0	1263
24401	1262	0	1263
24406	1262	0	1263
24411	1262	0	1263
24416	1262	0	1263
24421	1262	0	1263
24426	1262	0	1263
24431	1262	0	1263
24436	1262	0	1263
24441	1262	0	1263
24446	1262	0	1263
24451	1262	0	1263
24456	1262	0	1263
24461	1262	0	1263
24466	1262	0	1263
24471	1262	0	1263
24476	1262	0	1263
24481	1262	0	1263
24486	1262	0	1263
24491	1262	0	1263
24496	1262	0	1263
24501	1262	0	1263
24506	1262	0	1263
24511	1262	0	1263
24516	1262	0	1263
24522	1262	0	1263
24527	1262	0	1263
24536	1262	0	1263
24541	1262	0	1263
24546	1262	0	1263
24551	1262	0	1263
24556	1262	0	1263
24561	1262	0	1263
24566	1262	0	1263
24571	1262	0	1263
24576	1262	0	1263
24581	1262	0	1263
24586	1262	0	1263
24591	1262	0	1263
24596	1262	0	1263
24601	1262	0	1263
24606	1262	0	1263
24611	1262	0	1263
24616	1262	0	1263
24621	1262	0	1263
24626	1262	0	1263
24631	1262	0	1263
24636	1262	0	1263
24641	1262	0	1263
24646	1262	0	1263
24651	1262	0	1263
24656	1262	0	1263
24661	1262	0	1263
24666	1262	0	1263
24671	1262	0	1263
24676	1262	0	1263
24681	1262	0	1263
24686	1262	0	1263
24691	1262	0	1263
24696	1262	0	1263
24701	1262	0	1263
24706	1262	0	1263
24711	1262	0	1263
24716	1262	0	1263
24721	1262	0	1263
24726	1262	0	1263
24731	1262	0	1263
24736	1262	0	1263
24741	1262	0	1263
24746	1262	0	1263
24751	1262	0	1263
24756	1262	0	1263
24761	1262	0	1263
24766	1262	0	1263
24771	1262	0	1263
24776	1262	0	1263
24781	1262	0	1263
24786	1262	0	1263
24791	1262	0	1263
24796	1262	0	1263
24801	1262	0	1263
24806	1262	0	1263
24811	1262	0	1263
24816	1262	0	1262
24821	1262	0	1262
24826	1262	0	1262
24831	1262	0	1262
24836	1262	0	1262
24841	1262	0	1262
24846	1262	0	1262
24851	1262	0	1262
24856	1262	0	1262
24861	1262	0	1262
24866	1262	0	1262
24871	1262	0	1262
24876	1262	0	1262
24881	1262	0	1262
24886	1262	0	1262
24892	1262	0	1262
24897	1262	0	1262
24906	1262	0	1262
24911	1262	0	1262
24917	1262	0	1262
24926	1262	0	1262
24932	1262	0	1262
24941	1262	0	1262
24947	1262	0	1262
24952	1262	0	1262
24961	1262	0	1262
24966	1262	0	1262
24971	1262	0	1262
24976	1262	0	1262
24981	1262	0	1262
24986	1262	0	1262
24991	1262	0	1262
24996	1262	0	1262
25001	1262	0	1262
25006	1262	0	1262
25011	1262	0	1262
25016	1262	0	1262
25021	1262	0	1262
25026	1262	0	1262
25031	1262	0	1262
25036	1262	0	1262
25041	1262	0	1262
25046	1262	0	1262
25051	1262	0	1262
25056	1262	0	1262
25061	1262	0	1262
25066	1262	0	1262
25071	1262	0	1262
25076	1262	0	1262
25081	1262	0	1262
25086	1262	0	1262
25091	1262	0	1262
25096	1262	0	1262
25101	1262	0	1262
25106	1262	0	1262
25111	1262	0	1262
25116	1262	0	1262
25121	1262	0	1262
25126	1262	0	1262
25131	1262	0	1262
25136	1262	0	1262
25141	1262	0	1262
25146	1262	0	1262
25151	1262	0	1262
25156	1262	0	1262
25161	1262	0	1262
25166	1262	0	1262
25171	1262	0	1262
25176	1262	0	1262
25181	1262	0	1262
25186	1262	0	1262
25191	1262	0	1262
25196	1262	0	1262
25201	1262	0	1262
25206	1262	0	1262
25211	1262	0	1262
25216	1262	0	1262
25221	1262	0	1262
25226	1262	0	1262
25231	1262	0	1262
25236	1262	0	1262
25241	1262	0	1262
25246	1262	0	1262
25251	1262	0	1262
25256	1262	0	1262
25261	1262	0	1262
25266	1262	0	1262
25271	1262	0	1262
25276	1262	0	1262
25281	1262	0	1262
25286	1262	0	1262
25291	1262	0	1262
25296	1262	0	1262
25301	1262	0	1262
25306	1262	0	1262
25311	1262	0	1262
25316	1262	0	1262
25321	1262	0	1262
25326	1262	0	1262
25331	1262	0	1262
25336	1262	0	1262
25341	1262	0	1262
25346	1262	0	1262
25351	1262	0	1262
25356	1262	0	1262
25361	1262	0	1262
25366	1262	0	1262
25371	1262	0	1262
25376	1262	0	1262
25381	1262	0	1262
25386	1262	0	1262
25391	1262	0	1262
25396	1262	0	1262
25401	1262	0	1262
25406	1262	0	1262
25411	1262	0	1262
25416	1262	0	1262
25421	1262	0	1262
25426	1262	0	1262
25431	1262	0	1263
25436	1262	0	1263
25441	1262	0	1263
25446	1262	0	1263
25451	1262	0	1263
25456	1262	0	1263
25461	1262	0	1263
25466	1262	0	1263
25471	1262	0	1263
25476	1262	0	1263
25481	1262	0	1263
25486	1262	0	1263
25491	1262	0	1263
25496	1262	0	1263
25501	1262	0	1263
25506	1262	0	1263
25511	1262	0	1263
25516	1262	0	1263
25522	1262	0	1263
25527	1262	0	1263
25536	1262	0	1263
25541	1262	0	1263
25546	1262	0	1263
25551	1262	0	1263
25556	1262	0	1264
25561	1262	0	1264
25566	1262	0	1264
25571	1262	0	1264
25576	1262	0	1264
25581	1262	0	1264
25586	1262	0	1264
25591	1262	0	1264
25596	1262	0	1264
25601	1262	0	1264
25606	1262	0	1264
25611	1262	0	1264
25616	1262	0	1264
25621	1262	0	1264
25626	1262	0	1264
25631	1262	0	1264
25636	1262	0	1264
25641	1262	0	1264
25646	1262	0	1264
25651	1262	0	1264
25657	1262	0	1264
25662	1262	0	1264
25671	1262	0	1264
25676	1262	0	1264
25681	1262	0	1264
25686	1262	0	1264
25691	1262	0	1264
25696	1262	0	1264
25701	1262	0	1264
25706	1262	0	1264
25711	1262	0	1264
25716	1262	0	1264
25721	1262	0	1264
25726	1262	0	1264
25732	1262	0	1264
25741	1262	0	1264
25746	1262	0	1264
25751	1262	0	1264
25756	1262	0	1264
25761	1262	0	1264
25766	1262	0	1264
25771	1262	0	1264
25776	1262	0	1264
25781	1262	0	1264
25786	1262	0	1264
25791	1262	0	1264
25796	1262	0	1264
25801	1262	0	1264
25806	1262	0	1264
25811	1262	0	1264
25816	1262	0	1264
25821	1262	0	1264
25826	1262	0	1264
25831	1262	0	1264
25836	1262	0	1264
25841	1262	0	1264
25846	1262	0	1264
25851	1262	0	1264
25856	1262	0	1264
25861	1262	0	1264
25866	1262	0	1264
25871	1262	0	1264
25876	1262	0	1264
25881	1262	0	1264
25886	1262	0	1264
25891	1262	0	1264
25896	1262	0	1264
25902	1262	0	1264
25912	1262	0	1264
25917	1262	0	1264
25926	1262	0	1264
25931	1262	0	1264
25936	1262	0	1264
25941	1262	0	1264
25946	1262	0	1264
25951	1262	0	1264
25956	1262	0	1264
25961	1262	0	1264
25966	1262	0	1264
25971	1262	0	1264
25976	1262	0	1264
25981	1262	0	1264
25986	1262	0	1264
25991	1262	0	1264
25996	1262	0	1264
26001	1262	0	1264
26006	1262	0	1264
26011	1262	0	1264
26016	1262	0	1264
26021	1262	0	1264
26026	1262	0	1264
26031	1262	0	1264
26036	1262	0	1264
26041	1262	0	1264
26046	1262	0	1264
26051	1262	0	1264
26056	1262	0	1264
26061	1262	0	1264
26066	1262	0	1264
26071	1262	0	1264
26076	1262	0	1264
26081	1262	0	1264
26086	1262	0	1264
26091	1262	0	1264
26096	1262	0	1264
26102	1262	0	1264
26107	1262	0	1264
26112	1262	0	1264
26121	1262	0	1264
26126	1262	0	1264
26131	1262	0	1264
26136	1262	0	1264
26141	1262	0	1264
26146	1262	0	1264
26151	1262	0	1264
26156	1262	0	1264
26161	1262	0	1264
26166	1262	0	1264
26171	1262	0	1264
26176	1262	0	1264
26181	1262	0	1264
26186	1262	0	1264
26191	1262	0	1264
26196	1262	0	1264
26201	1262	0	1264
26206	1262	0	1264
26211	1262	0	1264
26216	1262	0	1264
26221	1262	0	1264
26226	1262	0	1264
26231	1262	0	1264
26236	1262	0	1264
26241	1262	0	1264
26246	1262	0	1264
26251	1262	0	1264
26256	1262	0	1264
26261	1262	0	1264
26266	1262	0	1264
26271	1262	0	1264
26276	1262	0	1264
26281	1262	0	1264
26286	1262	0	1264
26291	1262	0	1264
26296	1262	0	1264
26301	1262	0	1264
26306	1262	0	1264
26311	1262	0	1264
26316	1262	0	1264
26322	1262	0	1264
26331	1262	0	1264
26336	1262	0	1264
26341	1262	0	1264
26346	1262	0	1264
26351	1262	0	1264
26356	1262	0	1264
26361	1262	0	1264
26366	1262	0	1264
26371	1262	0	1264
26376	1262	0	1264
26381	1262	0	1264
26386	1262	0	1264
26391	1262	0	1264
26396	1262	0	1264
26401	1262	0	1264
26406	1262	0	1264
26411	1262	0	1264
26416	1262	0	1264
26421	1262	0	1264
26426	1262	0	1264
26431	1262	0	1264
26436	1262	0	1264
26441	1262	0	1264
26446	1262	0	1264
26451	1262	0	1264
26456	1262	0	1264
26461	1262	0	1264
26466	1262	0	1264
26471	1262	0	1264
26476	1262	0	1264
26481	1262	0	1264
26487	1262	0	1264
26496	1262	0	1264
26501	1262	0	1264
26506	1262	0	1264
26511	1262	0	1264
26516	1262	0	1264
26521	1262	0	1264
26526	1262	0	1264
26531	1262	0	1264
26536	1262	0	1264
26541	1262	0	1264
26546	1262	0	1264
26551	1262	0	1264
26556	1262	0	1264
26561	1262	0	1264
26566	1262	0	1264
26571	1262	0	1264
26577	1262	0	1264
26586	1262	0	1264
26591	1262	0	1264
26596	1262	0	1264
26601	1262	0	1264
26606	1262	0	1264
26611	1262	0	1264
26616	1262	0	1264
26621	1262	0	1264
26626	1262	0	1264
26631	1262	0	1264
26636	1262	0	1264
26641	1262	0	1264
26646	1262	0	1264
26651	1262	0	1264
26656	1262	0	1264
26661	1262	0	1264
26666	1262	0	1264
26671	1262	0	1264
26676	1262	0	1264
26681	1262	0	1264
26686	1262	0	1264
26691	1262	0	1264
26696	1262	0	1264
26701	1262	0	1264
26706	1262	0	1264
26711	1262	0	1264
26716	1262	0	1264
26721	1262	0	1264
26726	1262	0	1264
26731	1262	0	1264
26736	1262	0	1264
26741	1262	0	1264
26746	1262	0	1264
26751	1262	0	1264
26756	1262	0	1264
26761	1262	0	1264
26766	1262	0	1264
26773	1262	0	1264
26781	1262	0	1264
26786	1262	0	1264
26791	1262	0	1264
26796	1262	0	1264
26801	1262	0	1264
26806	1262	0	1264
26811	1262	0	1264
26816	1262	0	1264
26821	1262	0	1264
26826	1262	0	1264
26831	1262	0	1264
26836	1262	0	1264
26841	1262	0	1264
26846	1262	0	1264
26851	1262	0	1264
26856	1262	0	1264
26862	1262	0	1264
26871	1262	0	1264
26877	1262	0	1264
26886	1262	0	1264
26891	1262	0	1264
26896	1262	0	1264
26901	1262	0	1264
26907	1262	0	1264
26916	1262	0	1264
26922	1262	0	1264
26932	1262	0	1264
26941	1262	0	1264
26946	1262	0	1264
26951	1262	0	1264
26956	1262	0	1264
26961	1262	0	1264
26966	1262	0	1264
26971	1262	0	1264
26976	1262	0	1264
26981	1262	0	1264
26986	1262	0	1264
26991	1262	0	1264
26996	1262	0	1264
27001	1262	0	1264
27006	1262	0	1264
27011	1262	0	1264
27016	1262	0	1264
27022	1262	0	1264
27031	1262	0	1264
27036	1262	0	1264
27041	1262	0	1264
27046	1262	0	1264
27052	1262	0	1264
27061	1262	0	1264
27066	1262	0	1264
27071	1262	0	1264
27076	1262	0	1264
27081	1262	0	1264
27086	1262	0	1264
27091	1262	0	1264
27096	1262	0	1264
27101	1262	0	1264
27106	1262	0	1264
27111	1262	0	1264
27116	1262	0	1264
27121	1262	0	1264
27126	1262	0	1264
27132	1262	0	1264
27141	1262	0	1264
27146	1262	0	1264
27151	1262	0	1264
27156	1262	0	1264
27161	1262	0	1264
27166	1262	0	1264
27171	1262	0	1264
27176	1262	0	1264
27181	1262	0	1264
27186	1262	0	1264
27191	1262	0	1264
27196	1262	0	1264
27201	1262	0	1264
27206	1262	0	1264
27211	1262	0	1264
27216	1262	0	1264
27221	1262	0	1264
27226	1262	0	1264
27231	1262	0	1264
27236	1262	0	1264
27241	1262	0	1264
27246	1262	0	1264
27251	1262	0	1264
27256	1262	0	1264
27261	1262	0	1264
27266	1262	0	1264
27271	1262	0	1264
27276	1262	0	1264
27281	1262	0	1264
27286	1262	0	1264
27291	1262	0	1264
27296	1262	0	1264
27301	1262	0	1264
27306	1262	0	1264
27311	1262	0	1264
27316	1262	0	1264
27321	1262	0	1264
27326	1262	0	1264
27331	1262	0	1264
27336	1262	0	1264
27341	1262	0	1264
27346	1262	0	1264
27351	1262	0	1264
27356	1262	0	1264
27361	1262	0	1264
27366	1262	0	1264
27371	1262	0	1264
27376	1262	0	1264
27381	1262	0	1264
27386	1262	0	1264
27391	1262	0	1264
27396	1262	0	1264
27401	1262	0	1264
27406	1262	0	1264
27411	1262	0	1264
27416	1262	0	1264
27421	1262	0	1264
27426	1262	0	1264
27431	1262	0	1264
27436	1262	0	1264
27441	1262	0	1264
27446	1262	0	1264
27451	1262	0	1264
27457	1262	0	1264
27466	1262	0	1264
27472	1262	0	1264
27477	1262	0	1264
27482	1262	0	1264
27487	1262	0	1264
27492	1262	0	1264
27501	1262	0	1264
27506	1262	0	1264
27511	1262	0	1264
27516	1262	0	1264
27521	1262	0	1264
27526	1262	0	1264
27531	1262	0	1264
27536	1262	0	1264
27541	1262	0	1264
27546	1262	0	1264
27551	1262	0	1264
27556	1262	0	1264
27561	1262	0	1264
27566	1262	0	1264
27571	1262	0	1264
27576	1262	0	1264
27581	1262	0	1264
27586	1262	0	1264
27591	1262	0	1264
27596	1262	0	1264
27601	1262	0	1264
27606	1262	0	1264
27611	1262	0	1264
27616	1262	0	1264
27623	1262	0	1264
27631	1262	0	1263
27636	1262	0	1263
27641	1262	0	1263
27646	1262	0	1263
27651	1262	0	1263
27656	1262	0	1263
27661	1262	0	1263
27666	1262	0	1263
27671	1262	0	1263
27676	1262	0	1263
27681	1262	0	1263
27686	1262	0	1263
27691	1262	0	1263
27696	1262	0	1263
27701	1262	0	1263
27706	1262	0	1263
27711	1262	0	1263
27716	1262	0	1263
27721	1262	0	1263
27726	1262	0	1263
27731	1262	0	1263
27736	1262	0	1263
27741	1262	0	1263
27746	1262	0	1263
27751	1262	0	1263
27756	1262	0	1263
27761	1262	0	1263
27766	1262	0	1263
27771	1262	0	1263
27776	1262	0	1263
27781	1262	0	1263
27786	1262	0	1263
27791	1262	0	1263
27796	1262	0	1263
27801	1262	0	1263
27806	1262	0	1263
27811	1262	0	1263
27816	1262	0	1263
27821	1262	0	1263
27826	1262	0	1263
27831	1262	0	1263
27836	1262	0	1263
27841	1262	0	1263
27846	1262	0	1263
27851	1262	0	1263
27856	1262	0	1263
27861	1262	0	1263
27866	1262	0	1263
27871	1262	0	1263
27876	1262	0	1263
27881	1262	0	1263
27886	1262	0	1263
27891	1262	0	1263
27896	1262	0	1263
27901	1262	0	1263
27906	1262	0	1263
27911	1262	0	1263
27916	1262	0	1263
27921	1262	0	1263
27926	1262	0	1263
27931	1262	0	1263
27936	1262	0	1263
27941	1262	0	1263
27946	1262	0	1263
27951	1262	0	1263
27956	1262	0	1263
27961	1262	0	1263
27966	1262	0	1263
27971	1262	0	1263
27976	1262	0	1263
27982	1262	0	1263
27991	1262	0	1263
27996	1262	0	1263
28002	1262	0	1263
28011	1262	0	1263
28016	1262	0	1263
28021	1262	0	1263
28026	1262	0	1263
28031	1262	0	1263
28036	1262	0	1263
28041	1262	0	1263
28046	1262	0	1263
28051	1262	0	1263
28056	1262	0	1263
28061	1262	0	1263
28066	1262	0	1263
28071	1262	0	1263
28076	1262	0	1263
28081	1262	0	1263
28087	1262	0	1263
28096	1262	0	1263
28101	1262	0	1263
28106	1262	0	1263
28111	1262	0	1263
28116	1262	0	1263
28121	1262	0	1263
28126	1262	0	1263
28131	1262	0	1263
28136	1262	0	1263
28141	1262	0	1263
28146	1262	0	1263
28151	1262	0	1263
28156	1262	0	1263
28161	1262	0	1263
28166	1262	0	1263
28171	1262	0	1263
28176	1262	0	1263
28181	1262	0	1263
28186	1262	0	1263
28191	1262	0	1263
28196	1262	0	1263
28201	1262	0	1263
28206	1262	0	1263
28211	1262	0	1263
28216	1262	0	1263
28221	1262	0	1263
28226	1262	0	1263
28231	1262	0	1263
28236	1262	0	1263
28241	1262	0	1263
28246	1262	0	1263
28251	1262	0	1263
28256	1262	0	1263
28261	1262	0	1263
28266	1262	0	1263
28272	1262	0	1263
28281	1262	0	1263
28286	1262	0	1263
28291	1262	0	1263
28296	1262	0	1263
28301	1262	0	1263
28306	1262	0	1263
28311	1262	0	1263
28316	1262	0	1263
28321	1262	0	1263
28326	1262	0	1263
28331	1262	0	1263
28336	1262	0	1263
28341	1262	0	1263
28346	1262	0	1263
28351	1262	0	1263
28356	1262	0	1263
28361	1262	0	1263
28366	1262	0	1263
28371	1262	0	1263
28376	1262	0	1263
28381	1262	0	1263
28386	1262	0	1263
28391	1262	0	1263
28396	1262	0	1263
28401	1262	0	1263
28406	1262	0	1263
28411	1262	0	1263
28416	1262	0	1263
28421	1262	0	1263
28426	1262	0	1263
28431	1262	0	1263
28436	1262	0	1263
28441	1262	0	1263
28446	1262	0	1263
28451	1262	0	1263
28456	1262	0	1263
28461	1262	0	1263
28466	1262	0	1263
28471	1262	0	1263
28476	1262	0	1263
28481	1262	0	1263
28486	1262	0	1263
28492	1262	0	1263
28501	1262	0	1263
28507	1262	0	1263
28512	1262	0	1263
28517	1262	0	1263
28522	1262	0	1263
28531	1262	0	1263
28536	1262	0	1263
28541	1262	0	1263
28546	1262	0	1263
28551	1262	0	1263
28556	1262	0	1263
28561	1262	0	1263
28566	1262	0	1263
28571	1262	0	1263
28576	1262	0	1263
28581	1262	0	1263
28586	1262	0	1263
28591	1262	0	1263
28596	1262	0	1263
28601	1262	0	1263
28606	1262	0	1263
28611	1262	0	1263
28616	1262	0	1263
28621	1262	0	1263
28626	1262	0	1263
28631	1262	0	1263
28636	1262	0	1263
28641	1262	0	1263
28646	1262	0	1263
28651	1262	0	1263
28656	1262	0	1263
28661	1262	0	1263
28666	1262	0	1263
28671	1262	0	1263
28676	1262	0	1263
28681	1262	0	1263
28686	1262	0	1263
28691	1262	0	1263
28696	1262	0	1263
28701	1262	0	1263
28706	1262	0	1263
28711	1262	0	1263
28716	1262	0	1263
28721	1262	0	1263
28726	1262	0	1263
28731	1262	0	1263
28736	1262	0	1263
28741	1262	0	1263
28746	1262	0	1263
28752	1262	0	1263
28757	1262	0	1263
28766	1262	0	1263
28771	1262	0	1263
28776	1262	0	1263
28781	1262	0	1263
28786	1262	0	1263
28791	1262	0	1263
28796	1262	0	1263
28801	1262	0	1263
28806	1262	0	1263
28811	1262	0	1263
28816	1262	0	1263
28822	1262	0	1263
28831	1262	0	1263
28836	1262	0	1263
28841	1262	0	1263
28846	1262	0	1263
28851	1262	0	1263
28856	1262	0	1263
28861	1262	0	1263
28866	1262	0	1263
28871	1262	0	1263
28876	1262	0	1263
28881	1262	0	1263
28886	1262	0	1263
28891	1262	0	1263
28896	1262	0	1263
28901	1262	0	1263
28906	1262	0	1263
28911	1262	0	1263
28916	1262	0	1263
28921	1262	0	1263
28926	1262	0	1263
28931	1262	0	1263
28936	1262	0	1263
28941	1262	0	1263
28946	1262	0	1263
28951	1262	0	1263
28956	1262	0	1263
28961	1262	0	1263
28966	1262	0	1263
28971	1262	0	1263
28976	1262	0	1263
28981	1262	0	1263
28986	1262	0	1263
28991	1262	0	1263
28996	1262	0	1263
29001	1262	0	1263
29006	1262	0	1263
29011	1262	0	1263
29016	1262	0	1263
29021	1262	0	1263
29027	1262	0	1264
29036	1262	0	1264
29041	1262	0	1264
29046	1262	0	1264
29051	1262	0	1264
29057	1262	0	1264
29066	1262	0	1264
29071	1262	0	1264
29076	1262	0	1264
29081	1262	0	1264
29086	1262	0	1264
29091	1262	0	1264
29096	1262	0	1264
29101	1262	0	1264
29106	1262	0	1264
29112	1262	0	1264
29117	1262	0	1264
29126	1262	0	1264
29131	1262	0	1264
29136	1262	0	1264
29141	1262	0	1264
29146	1262	0	1264
29151	1262	0	1264
29156	1262	0	1264
29161	1262	0	1264
29166	1262	0	1264
29171	1262	0	1264
29176	1262	0	1264
29181	1262	0	1264
29186	1262	0	1264
29191	1262	0	1264
29196	1262	0	1264
29201	1262	0	1264
29206	1262	0	1264
29211	1262	0	1264
29216	1262	0	1264
29221	1262	0	1264
29226	1262	0	1264
29231	1262	0	1264
29236	1262	0	1264
29241	1262	0	1264
29246	1262	0	1264
29251	1262	0	1264
29256	1262	0	1264
29261	1262	0	1264
29266	1262	0	1264
29271	1262	0	1264
29276	1262	0	1264
29281	1262	0	1264
29286	1262	0	1264
29291	1262	0	1264
29296	1262	0	1264
29301	1262	0	1264
29306	1262	0	1264
29311	1262	0	1264
29316	1262	0	1264
29321	1262	0	1264
29326	1262	0	1264
29331	1262	0	1264
29336	1262	0	1264
29342	1262	0	1264
29351	1262	0	1264
29356	1262	0	1264
29361	1262	0	1264
29366	1262	0	1264
29371	1262	0	1264
29376	1262	0	1264
29381	1262	0	1264
29386	1262	0	1264
29391	1262	0	1264
29396	1262	0	1264
29401	1262	0	1264
29406	1262	0	1264
29411	1262	0	1264
29416	1262	0	1264
29421	1262	0	1264
29426	1262	0	1264
29431	1262	0	1264
29436	1262	0	1264
29441	1262	0	1264
29446	1262	0	1264
29451	1262	0	1264
29456	1262	0	1264
29461	1262	0	1264
29466	1262	0	1264
29471	1262	0	1264
29476	1262	0	1264
29481	1262	0	1264
29486	1262	0	1264
29491	1262	0	1264
29496	1262	0	1264
29501	1262	0	1264
29506	1262	0	1264
29511	1262	0	1264
29516	1262	0	1264
29521	1262	0	1264
29526	1262	0	1263
29531	1262	0	1263
29536	1262	0	1263
29541	1262	0	1263
29546	1262	0	1263
29551	1262	0	1263
29556	1262	0	1263
29561	1262	0	1263
29566	1262	0	1263
29571	1262	0	1263
29576	1262	0	1263
29581	1262	0	1263
29586	1262	0	1263
29591	1262	0	1263
29596	1262	0	1263
29602	1262	0	1263
29607	1262	0	1263
29616	1262	0	1263
29621	1262	0	1263
29626	1262	0	1263
29631	1262	0	1263
29636	1262	0	1263
29642	1262	0	1263
29651	1262	0	1263
29656	1262	0	1263
29661	1262	0	1263
29666	1262	0	1263
29671	1262	0	1263
29676	1262	0	1263
29681	1262	0	1263
29686	1262	0	1263
29691	1262	0	1263
29696	1262	0	1263
29701	1262	0	1263
29706	1262	0	1263
29711	1262	0	1263
29716	1262	0	1263
29721	1262	0	1263
29726	1262	0	1263
29732	1262	0	1263
29741	1262	0	1262
29746	1262	0	1262
29751	1262	0	1262
29756	1262	0	1262
29761	1262	0	1262
29766	1262	0	1262
29771	1262	0	1262
29776	1262	0	1262
29781	1262	0	1262
29786	1262	0	1262
29791	1262	0	1262
29796	1262	0	1262
29801	1262	0	1262
29806	1262	0	1262
29811	1262	0	1262
29816	1262	0	1262
29821	1262	0	1262
29826	1262	0	1262
29831	1262	0	1262
29837	1262	0	1262
29846	1262	0	1262
29851	1262	0	1262
29856	1262	0	1262
29861	1262	0	1262
29866	1262	0	1262
29871	1262	0	1262
29876	1262	0	1262
29882	1262	0	1262
29891	1262	0	1262
29896	1262	0	1262
29901	1262	0	1262
29906	1262	0	1262
29911	1262	0	1262
29917	1262	0	1262
29926	1262	0	1262
29932	1262	0	1262
29941	1262	0	1262
29946	1262	0	1262
29951	1262	0	1262
29956	1262	0	1262
29966	1262	0	1262
29971	1262	0	1262
29977	1262	0	1262
29986	1262	0	1262
29991	1262	0	1262
29996	1262	0	1262
30001	1262	0	1262
