C:/Users/Line/notremor/build-FP_RehabPlatform-Desktop_Qt_5_3_MSVC2012_OpenGL_32bit-Debug/debug/User/Subject0004/line/20141120151543.txt
120	5	4.83871	4.83871	4.83871	1	0	0	192	1728	0.8	0.4	0.99	0.99	0.99	0	0	0.99	0.99	1	0.99	0	0	1	0	0	0	1	0	0	0	1	8	8	2	2

5	960	1010	956
14	960	1010	956
19	960	1010	956
28	960	1010	956
33	960	1010	956
39	960	1010	956
44	960	1010	955
49	960	1010	955
58	960	1010	955
63	960	1010	955
68	960	1010	955
73	960	1010	955
78	960	1010	955
83	960	1010	955
88	960	1010	955
93	960	1010	955
98	960	1010	955
103	960	1010	955
108	960	1010	955
113	960	1010	955
118	960	1010	955
123	960	1010	955
128	960	1010	955
133	960	1010	956
139	960	1010	956
148	960	1010	956
153	960	1010	956
158	960	1010	957
163	960	1010	957
168	960	1010	957
173	960	1010	957
178	960	1010	957
183	960	1010	957
188	960	1010	957
193	960	1010	957
198	960	1010	957
203	960	1010	957
208	960	1010	957
213	960	1010	957
218	960	1010	957
223	960	1010	957
229	960	1010	957
239	960	1010	958
244	960	1010	958
253	960	1010	958
259	960	1010	958
268	960	1010	958
274	960	1010	958
283	960	1010	958
289	960	1010	958
299	960	1010	958
304	960	1010	958
313	960	1010	958
319	960	1010	958
328	960	1010	958
334	960	1010	958
343	960	1010	958
349	960	1010	958
358	960	1010	958
364	960	1010	958
373	960	1010	958
379	960	1010	958
388	960	1010	958
394	960	1010	958
403	960	1010	959
409	960	1010	959
419	960	1010	959
424	960	1010	959
433	960	1010	959
439	960	1010	959
448	960	1010	959
454	960	1010	959
463	960	1010	959
468	960	1010	959
473	960	1010	959
479	960	1010	959
488	960	1010	959
493	960	1010	960
499	960	1010	960
508	960	1010	960
514	960	1010	960
523	960	1010	960
529	960	1010	960
539	960	1010	961
544	960	1010	961
553	960	1010	961
559	960	1010	961
568	960	1010	961
574	960	1010	961
583	960	1010	961
589	960	1010	961
598	960	1010	961
603	960	1010	961
608	960	1010	961
613	960	1010	961
618	960	1010	961
623	960	1010	961
628	960	1010	961
633	960	1010	961
638	960	1010	961
643	960	1010	961
648	960	1010	961
653	960	1010	961
658	960	1010	961
663	960	1010	961
668	960	1010	961
673	960	1010	961
678	960	1010	961
683	960	1010	961
688	960	1010	961
693	960	1010	961
698	960	1010	961
703	960	1010	961
709	960	1010	961
718	960	1010	961
724	960	1010	961
729	960	1010	961
734	960	1010	961
743	960	1010	961
748	960	1010	961
753	960	1010	961
758	960	1010	961
763	960	1010	961
768	960	1010	961
773	960	1010	961
778	960	1010	961
783	960	1010	961
788	960	1010	961
793	960	1010	961
798	960	1010	961
803	960	1010	961
808	960	1010	961
814	960	1010	961
823	960	1010	960
828	960	1010	960
833	960	1010	960
838	960	1010	960
844	960	1010	960
853	960	1010	960
858	960	1010	960
863	960	1010	960
868	960	1010	960
874	960	1010	960
883	960	1010	960
889	960	1010	960
898	960	1010	960
904	960	1010	960
913	960	1010	959
918	960	1010	959
923	960	1010	959
928	960	1010	959
934	960	1010	959
943	960	1010	959
949	960	1010	959
958	960	1010	959
964	960	1010	959
973	960	1010	959
979	960	1010	959
988	960	1010	959
993	960	1010	959
998	960	1010	959
1003	960	1010	959
1008	960	1010	959
1013	960	1010	959
1019	960	1010	959
1028	960	1010	959
1033	960	1010	959
1038	960	1010	959
1043	960	1010	959
1048	960	1010	959
1053	960	1010	959
1058	960	1010	959
1063	960	1010	959
1069	960	1010	959
1078	960	1010	959
1083	960	1010	959
1088	960	1010	959
1093	960	1010	959
1098	960	1010	959
1103	960	1010	959
1108	960	1010	959
1113	960	1010	959
1118	960	1010	959
1123	960	1010	959
1128	960	1010	959
1133	960	1010	959
1138	960	1010	959
1143	960	1010	959
1148	960	1010	959
1153	960	1010	959
1158	960	1010	959
1163	960	1010	959
1168	960	1010	959
1173	960	1010	959
1178	960	1010	959
1183	960	1010	959
1188	960	1010	959
1193	960	1010	959
1198	960	1010	959
1203	960	1010	959
1208	960	1010	959
1213	960	1010	959
1219	960	1010	959
1228	960	1010	959
1233	960	1010	959
1238	960	1010	959
1244	960	1010	959
1253	960	1010	959
1258	960	1010	959
1263	960	1010	959
1268	960	1010	959
1273	960	1010	959
1278	960	1010	959
1283	960	1010	959
1288	960	1010	959
1293	960	1010	959
1298	960	1010	959
1303	960	1010	959
1308	960	1010	959
1313	960	1010	959
1318	960	1010	959
1323	960	1010	959
1328	960	1010	959
1333	960	1010	959
1338	960	1010	959
1343	960	1010	959
1348	960	1010	959
1353	960	1010	959
1358	960	1010	959
1363	960	1010	959
1368	960	1010	959
1373	960	1010	959
1378	960	1010	959
1383	960	1010	959
1388	960	1010	959
1394	960	1010	959
1403	960	1010	959
1408	960	1010	959
1413	960	1010	959
1418	960	1010	959
1424	960	1010	959
1434	960	1010	959
1443	960	1010	959
1448	960	1010	959
1453	960	1010	959
1458	960	1010	959
1463	960	1010	959
1469	960	1010	959
1478	960	1010	959
1484	960	1010	959
1493	960	1010	959
1499	960	1010	959
1508	960	1010	959
1514	960	1010	959
1523	960	1010	959
1528	960	1010	959
1534	960	1010	959
1543	960	1010	959
1548	960	1010	959
1553	960	898	959
1558	960	898	959
1563	960	898	959
1568	960	898	959
1573	960	898	959
1578	960	898	959
1583	960	898	959
1588	960	898	959
1593	960	898	959
1598	960	898	959
1603	960	898	959
1608	960	898	959
1613	960	898	959
1618	960	898	959
1623	960	898	959
1628	960	898	959
1633	960	898	959
1638	960	898	959
1643	960	898	959
1648	960	898	959
1653	960	898	959
1658	960	898	959
1663	960	898	959
1668	960	898	959
1673	960	898	959
1678	960	898	959
1683	960	898	959
1688	960	898	959
1693	960	898	959
1698	960	898	959
1703	960	898	959
1708	960	898	959
1713	960	898	959
1718	960	898	959
1724	960	898	959
1733	960	898	959
1739	960	898	959
1748	960	898	959
1753	960	898	959
1758	960	898	959
1763	960	898	959
1769	960	898	959
1778	960	898	959
1784	960	898	959
1793	960	898	959
1799	960	898	959
1808	960	898	959
1814	960	898	959
1819	960	898	959
1829	960	898	959
1838	960	898	959
1843	960	898	959
1850	960	898	959
1859	960	898	959
1864	960	898	959
1873	784	898	959
1879	784	898	959
1888	784	898	959
1894	784	898	959
1903	784	898	959
1909	784	898	959
1918	784	898	959
1924	784	898	959
1933	784	898	959
1939	784	898	959
1944	784	898	959
1949	784	898	959
1958	784	898	959
1963	784	898	959
1968	784	898	959
1974	784	898	959
1983	784	898	959
1988	784	898	959
1993	784	898	959
1998	784	898	959
2003	784	898	961
2008	784	898	962
2013	784	898	962
2018	784	898	964
2023	784	898	964
2028	784	898	966
2033	784	898	968
2039	784	898	971
2044	784	898	971
2054	784	898	974
2063	784	898	979
2068	784	898	979
2073	784	917	982
2079	784	917	984
2084	784	917	984
2093	784	917	988
2098	784	917	988
2103	784	917	989
2108	784	917	990
2113	784	917	990
2118	784	917	991
2123	784	917	991
2129	784	917	991
2138	784	917	992
2144	784	917	992
2153	784	917	992
2158	784	917	992
2163	784	917	992
2168	784	917	992
2173	784	917	992
2178	784	917	992
2184	784	917	992
2193	784	917	992
2198	784	917	993
2203	784	917	993
2208	784	917	993
2213	784	917	993
2218	784	917	993
2223	784	917	993
2229	784	917	993
2234	784	917	993
2243	784	917	992
2248	784	917	992
2253	784	917	990
2258	784	917	988
2264	784	917	988
2269	784	917	985
2274	784	917	982
2283	784	917	978
2288	784	917	973
2294	784	917	973
2303	784	917	962
2308	784	917	962
2313	784	917	955
2318	784	917	948
2324	784	917	948
2333	784	917	934
2338	784	917	934
2343	784	917	927
2348	784	917	920
2354	784	917	920
2363	784	917	908
2369	784	917	908
2378	784	917	898
2384	784	917	898
2393	784	917	889
2399	784	917	889
2408	784	917	879
2414	784	917	879
2419	784	917	875
2424	784	917	870
2429	784	917	870
2434	784	917	865
2439	784	917	859
2444	784	917	859
2449	784	917	854
2454	784	917	848
2459	784	917	848
2464	784	917	842
2469	784	917	836
2474	784	917	836
2479	784	917	830
2484	784	917	825
2489	784	917	825
2494	784	917	820
2499	784	917	816
2504	784	917	816
2509	784	917	812
2514	784	917	807
2519	784	917	807
2524	784	917	805
2529	784	917	802
2534	784	917	802
2539	784	917	800
2544	784	917	798
2549	784	917	798
2554	784	917	797
2559	784	917	795
2568	784	917	794
2573	784	917	794
2578	784	917	794
2583	784	917	793
2588	784	917	793
2593	784	917	793
2598	784	917	792
2603	784	917	792
2608	784	917	792
2613	784	917	791
2618	784	917	791
2623	784	917	791
2628	784	917	790
2633	784	917	790
2638	784	917	790
2643	784	917	788
2648	784	917	788
2653	784	917	788
2658	784	917	787
2663	784	917	787
2668	784	917	787
2673	784	917	786
2678	784	917	786
2683	784	917	786
2688	784	917	785
2693	784	917	785
2698	784	917	785
2704	784	917	785
2709	784	917	784
2718	784	917	784
2723	784	917	784
2728	784	917	783
2733	784	917	783
2738	784	917	783
2743	784	917	783
2748	784	917	782
2753	784	917	782
2758	784	917	782
2763	784	917	781
2768	784	917	781
2773	784	917	781
2778	784	917	780
2783	784	917	780
2788	784	917	780
2793	784	917	779
2798	784	917	779
2803	784	917	779
2808	784	917	779
2813	784	917	779
2818	784	917	779
2823	784	917	779
2828	784	917	779
2833	784	917	779
2838	784	917	779
2843	784	917	779
2848	784	917	779
2853	784	917	779
2858	784	917	779
2863	784	917	779
2868	784	917	779
2873	784	917	779
2878	784	917	779
2883	784	917	779
2888	784	917	779
2893	784	917	779
2899	784	917	779
2904	784	917	779
2913	784	917	779
2918	784	917	779
2923	784	917	779
2928	784	917	779
2933	784	917	779
2938	784	917	779
2943	784	917	779
2949	784	917	779
2958	784	917	780
2964	784	917	780
2973	784	917	781
2978	784	917	781
2983	784	917	781
2988	784	917	782
2994	784	917	782
3003	784	917	782
3009	784	917	782
3018	784	917	783
3024	784	917	783
3033	784	917	783
3039	784	917	783
3048	784	917	783
3053	784	917	783
3058	784	917	783
3063	784	917	783
3069	784	917	783
3074	784	917	783
3083	784	917	783
3088	784	917	783
3093	784	917	783
3099	784	917	784
3109	784	917	784
3118	784	917	784
3123	784	917	784
3129	784	917	784
3138	784	917	784
3144	784	917	784
3153	784	917	784
3158	784	917	784
3163	784	917	784
3168	784	917	784
3173	784	917	784
3178	784	917	784
3183	784	917	784
3189	784	917	784
3198	784	1711	784
3203	784	1711	784
3208	784	1711	784
3213	784	1711	784
3218	784	1711	784
3223	784	1711	784
3228	784	1711	784
3233	784	1711	784
3239	784	1711	784
3244	784	1711	784
3249	784	1711	784
3258	784	1711	784
3264	784	1711	784
3273	784	1711	784
3278	784	1711	784
3283	784	1711	784
3289	784	1711	785
3298	784	1711	785
3303	784	1711	785
3308	784	1711	785
3313	784	1711	785
3318	784	1711	785
3323	784	1711	785
3328	784	1711	785
3333	784	1711	785
3339	784	1711	785
3348	784	1711	785
3353	784	1711	785
3358	784	1711	785
3363	784	1711	785
3369	784	1711	785
3378	784	1711	785
3384	784	1711	785
3393	784	1711	785
3399	784	1711	785
3408	784	1711	785
3414	784	1711	785
3423	784	1711	785
3429	784	1711	785
3438	784	1711	785
3444	784	1711	785
3453	784	1711	785
3459	784	1711	785
3469	784	1711	785
3474	784	1711	785
3483	784	1711	785
3489	784	1711	785
3498	784	1711	786
3504	784	1711	786
3513	784	1711	788
3519	784	1711	788
3528	784	1711	790
3534	784	1711	790
3543	784	1711	794
3549	784	1711	797
3559	784	1711	801
3564	784	1711	806
3573	784	1711	812
3579	784	1711	818
3588	784	1711	827
3594	784	1711	836
3603	784	1711	847
3609	784	1711	859
3618	784	1711	873
3624	784	1711	888
3633	784	1711	904
3639	784	1711	922
3648	784	1711	939
3654	784	1711	958
3663	784	1711	977
3669	784	1711	996
3678	784	1711	1016
3684	784	1711	1036
3693	784	1711	1056
3699	784	1711	1075
3704	784	1711	1075
3709	784	1711	1094
3714	784	1711	1113
3723	784	1711	1130
3728	784	1711	1130
3733	784	1711	1146
3738	784	1711	1160
3744	784	1711	1175
3749	784	1711	1175
3754	784	1711	1188
3759	784	1711	1198
3768	784	1711	1210
3773	784	1711	1210
3778	784	1711	1220
3783	784	1702	1230
3789	784	1702	1240
3798	784	1702	1248
3803	784	1702	1248
3808	784	1702	1256
3813	784	1702	1262
3818	784	1702	1262
3823	784	1702	1268
3828	784	1702	1271
3833	784	1702	1271
3838	784	1702	1272
3843	784	1702	1271
3848	784	1702	1271
3853	784	1702	1268
3858	784	1702	1263
3863	784	1702	1263
3868	784	1702	1255
3873	784	1702	1245
3879	784	1702	1233
3888	784	1702	1219
3893	784	1702	1219
3898	784	1702	1203
3903	784	1702	1186
3908	784	1702	1186
3913	784	1702	1168
3918	784	1702	1148
3923	784	1702	1148
3928	784	1702	1128
3933	784	1702	1108
3938	784	1702	1108
3943	784	1702	1087
3948	784	1702	1066
3953	784	1702	1066
3958	784	1702	1045
3963	784	1702	1025
3969	784	1702	1025
3978	784	1702	987
3984	784	1702	987
3993	784	1702	953
3999	784	1702	953
4004	784	1702	937
4009	784	1702	937
4014	784	1702	924
4023	784	1702	900
4029	784	1702	900
4038	784	1702	883
4044	784	1702	883
4053	784	1702	870
4059	784	1702	870
4068	784	1702	861
4074	784	1702	861
4083	784	1702	855
4089	784	1702	855
4098	784	1702	852
4104	784	1702	852
4113	784	1702	850
4119	784	1702	850
4128	784	1702	849
4134	784	1702	849
4139	784	1702	849
4144	784	1702	848
4153	784	1702	848
4158	784	1702	847
4163	784	1702	847
4168	784	1702	847
4173	784	1702	845
4178	784	1702	845
4183	784	1702	843
4188	784	1702	842
4193	784	1702	842
4198	784	1702	840
4203	784	1702	838
4209	784	1702	838
4218	784	1702	832
4223	784	1702	832
4228	784	1702	829
4233	784	1702	826
4238	784	1702	826
4243	784	1702	823
4248	784	1702	819
4253	784	1702	819
4258	784	1702	816
4263	784	1702	812
4268	784	1702	812
4273	784	1702	808
4278	784	1702	805
4283	784	1702	805
4288	1121	1702	801
4293	1121	1702	799
4299	1121	1702	799
4304	1121	1702	796
4309	1121	1702	793
4318	1121	1702	791
4323	1121	1702	789
4329	1121	1702	789
4334	1121	1702	787
4339	1121	1702	785
4348	1121	1702	783
4353	1121	1702	781
4358	1121	1702	781
4363	1121	1702	779
4368	1121	1702	777
4373	1121	1702	777
4378	1121	1702	776
4384	1121	1702	774
4393	1121	1702	774
4398	1121	1702	774
4403	1121	1702	774
4408	1121	1702	773
4413	1121	1702	773
4418	1121	1702	773
4423	1121	1702	773
4428	1121	1702	773
4433	1121	1702	773
4438	1121	1702	773
4443	1121	1702	773
4448	1121	1702	773
4453	1121	1702	774
4458	1121	1702	774
4463	1121	1702	774
4468	1121	1702	774
4473	1121	1702	775
4478	1121	1702	775
4483	1121	1702	775
4489	1121	1702	776
4498	1121	1702	776
4504	1121	1702	777
4509	1121	1702	777
4519	1121	1702	779
4528	1121	1702	780
4533	1121	1702	781
4538	1121	1702	781
4543	1121	1702	782
4549	1121	1702	783
4558	1121	1262	784
4564	1121	1262	786
4573	1121	1262	787
4579	1121	1262	789
4588	1121	1262	791
4594	1121	1262	792
4603	1121	1262	794
4608	1121	1262	796
4613	1121	1262	796
4618	1121	1262	798
4624	1121	1262	801
4633	1121	1262	804
4639	1121	1262	807
4648	1121	1262	811
4654	1121	1262	815
4663	1121	1262	820
4669	1121	1262	824
4678	1121	1262	827
4684	1121	1262	832
4690	1121	1262	832
4699	1121	1262	843
4704	1121	1262	843
4709	1121	1262	849
4714	1121	1262	855
4723	1121	1262	862
4728	1121	1262	869
4733	1121	1262	869
4738	1121	1262	878
4743	1121	1262	887
4750	1121	1262	887
4759	1121	1262	905
4768	1121	1262	915
4773	1121	1262	925
4780	1121	1262	925
4789	1121	1262	947
4798	1121	1262	957
4803	1121	1262	967
4808	1121	1262	967
4813	1121	1262	976
4818	1121	1262	985
4823	1121	1262	985
4828	1121	1262	994
4833	1121	1262	1002
4838	1121	1262	1002
4843	1121	1262	1009
4848	1121	1262	1015
4853	1121	1262	1015
4858	1121	1262	1023
4863	1121	1262	1029
4868	1121	1262	1029
4873	1121	1262	1035
4878	1121	1262	1042
4883	1121	1262	1042
4888	1121	1262	1047
4893	1121	1262	1054
4898	1121	1262	1054
4903	1121	1262	1060
4908	1121	1262	1066
4913	1121	1262	1066
4918	1121	1262	1072
4923	1121	1262	1077
4928	1121	1262	1077
4933	1121	1262	1081
4939	1121	1262	1085
4948	1121	1262	1089
4953	1121	1262	1089
4958	1121	1262	1091
4963	1121	1262	1093
4969	1121	1262	1095
4978	1121	1262	1096
4984	1121	1262	1097
4993	1121	1262	1097
4999	1121	1262	1098
5008	1121	1262	1098
5014	1121	1262	1098
5023	1121	1262	1098
5029	1121	1262	1099
5038	1121	1262	1099
5044	1121	1262	1100
5054	1121	1262	1100
5059	1121	1262	1100
5068	1121	1262	1103
5074	1121	1262	1105
5083	1121	1262	1107
5089	1121	1262	1109
5098	1121	1262	1112
5104	1121	1262	1115
5113	1121	1262	1118
5119	1121	1262	1120
5128	1121	1262	1123
5134	1121	1262	1125
5143	1121	1262	1127
5149	1121	1262	1128
5158	1121	1262	1129
5164	1121	1262	1129
5173	1121	1262	1129
5179	1121	1262	1129
5188	1121	1262	1129
5194	1121	1262	1129
5203	1121	1262	1129
5208	1121	1262	1129
5213	1121	1262	1128
5218	1121	1262	1128
5224	1121	1262	1128
5233	1121	1262	1128
5239	1121	1262	1127
5248	1121	1262	1127
5254	1121	1262	1127
5259	1121	1262	1126
5264	1121	1262	1126
5269	1121	1262	1126
5274	1121	1262	1126
5279	1121	1262	1125
5284	1121	1262	1125
5289	1121	1262	1125
5294	1121	1262	1125
5299	1121	1262	1125
5304	1121	1262	1125
5309	1121	1262	1124
5314	1121	1262	1124
5323	1121	1262	1124
5328	1121	1262	1124
5333	1121	1262	1124
5338	1121	1262	1123
5343	1121	1262	1123
5348	1121	1262	1123
5353	1121	1262	1123
5359	1121	1262	1123
5368	1121	1262	1122
5373	1121	1262	1122
5379	1121	1262	1121
5384	1121	1262	1121
5394	1121	1262	1120
5399	1121	1262	1120
5404	1121	1262	1120
5413	1121	1262	1120
5418	1121	1262	1120
5423	1121	1262	1120
5428	1121	1262	1120
5434	1121	1262	1120
5443	1121	1262	1119
5448	1121	1262	1119
5453	1121	1262	1119
5458	1121	1262	1119
5463	1121	1262	1119
5468	1121	1262	1119
5473	1121	1262	1119
5478	1121	1262	1119
5483	1121	1262	1119
5488	1121	1262	1119
5494	1121	1262	1119
5503	1121	1262	1120
5509	1121	1262	1120
5519	1121	1262	1121
5528	1121	1262	1121
5533	1121	1262	1121
5538	1121	1262	1121
5543	1121	1262	1122
5548	1121	1262	1122
5554	1121	1262	1122
5563	1121	1262	1122
5574	1121	1262	1123
5579	1121	1262	1123
5584	1121	1262	1123
5593	1121	1262	1124
5599	1121	1262	1124
5608	1121	1262	1124
5614	1121	1262	1124
5623	1121	1262	1124
5629	1121	1262	1124
5638	1121	1262	1124
5644	1121	1262	1124
5653	1121	1262	1124
5659	1121	1262	1125
5668	1121	1262	1125
5674	1121	1262	1125
5683	1121	1262	1125
5689	1121	1262	1125
5694	1121	1262	1125
5699	1121	1262	1125
5704	1121	1262	1125
5709	1121	1262	1125
5714	1121	1262	1125
5719	1121	1262	1125
5728	1121	1262	1125
5733	1121	1262	1125
5738	1121	1262	1125
5743	1121	1262	1125
5748	1121	1262	1125
5753	1121	1262	1125
5758	1121	1262	1125
5763	1121	1262	1125
5768	1121	1262	1125
5773	1121	1262	1125
5778	1121	1262	1125
5783	1121	1262	1125
5788	1121	1262	1125
5793	1121	1262	1125
5798	1121	1262	1125
5803	1121	1262	1125
5808	1121	1262	1125
5813	1121	1262	1125
5818	1121	1262	1125
5823	1121	1262	1125
5828	1121	1262	1125
5833	1121	1262	1125
5838	1121	1262	1125
5843	1121	1262	1125
5848	1121	1262	1125
5853	1121	1262	1125
5858	1121	1262	1125
5863	1121	1262	1125
5868	1121	1262	1124
5873	1121	1262	1124
5878	1121	1262	1124
5883	1121	1262	1124
5888	1121	1262	1123
5893	1121	1262	1123
5898	1121	1262	1123
5903	1121	1262	1123
5908	1121	1262	1123
5913	1121	1262	1123
5919	1121	1262	1123
5928	1121	1262	1122
5933	1121	1262	1122
5938	1121	1262	1122
5943	1121	1262	1122
5948	1121	1262	1122
5953	1121	1262	1122
5958	1121	1262	1122
5963	1121	1262	1122
5968	1121	1262	1122
5973	1121	1262	1122
5978	1121	1262	1122
5983	1121	1453	1121
5988	1121	1453	1121
5993	1121	1453	1121
5998	1121	1453	1121
6003	1121	1453	1121
6008	1121	1453	1121
6013	1121	1453	1121
6018	1121	1453	1121
6023	1121	1453	1121
6028	1121	1453	1121
6033	1121	1453	1121
6038	1121	1453	1121
6043	1121	1453	1121
6048	1121	1453	1121
6053	1121	1453	1121
6058	1121	1453	1121
6064	1121	1453	1121
6073	1121	1453	1121
6078	1121	1453	1121
6084	1121	1453	1121
6089	1121	1453	1120
6098	1121	1453	1120
6103	1121	1453	1120
6109	1121	1453	1120
6114	1121	1453	1120
6119	1121	1453	1120
6128	1121	1453	1120
6133	1121	1453	1120
6138	1121	1453	1120
6144	1121	1453	1120
6153	1121	1453	1120
6158	1121	1453	1120
6163	1121	1453	1120
6169	1121	1453	1120
6178	1121	1453	1120
6183	1121	1453	1120
6188	1121	1453	1120
6193	1121	1453	1120
6198	1121	1453	1120
6203	1121	1453	1120
6209	1121	1453	1120
6219	1121	1453	1120
6228	1121	1453	1121
6234	1121	1453	1121
6243	1121	1453	1123
6248	1121	1453	1124
6254	1121	1453	1125
6263	1121	1453	1127
6269	1121	1453	1129
6278	1121	1453	1131
6283	1121	1453	1133
6288	1121	1453	1133
6293	1121	1453	1135
6303	1121	1453	1136
6308	1121	1453	1138
6313	1121	1453	1139
6319	1121	1453	1139
6324	1121	1453	1140
6329	1121	1453	1140
6338	1121	1453	1142
6344	1121	1453	1142
6353	1121	1453	1142
6359	1121	1453	1142
6369	1121	1453	1142
6379	1121	1453	1142
6388	1121	1453	1142
6393	1121	1453	1142
6398	1121	1453	1142
6403	1121	1453	1142
6408	1121	1453	1142
6413	1121	1453	1141
6418	1121	1453	1141
6423	1121	1453	1141
6428	1121	1453	1141
6433	1121	1453	1141
6438	1121	1453	1141
6443	1121	1453	1140
6448	1121	1453	1140
6453	1121	1453	1140
6458	1121	1453	1140
6463	1121	1453	1140
6468	1121	1453	1140
6473	1121	1453	1139
6478	1121	1453	1139
6483	1121	1453	1139
6488	1121	1453	1139
6494	1121	1453	1139
6499	1121	1453	1138
6504	1121	1453	1138
6509	1121	1453	1137
6518	1121	1453	1137
6524	1121	1453	1137
6533	1121	1453	1135
6539	1121	1453	1135
6548	1121	1453	1134
6554	1121	1453	1133
6563	1121	1453	1132
6569	1121	1453	1132
6578	1121	1453	1130
6584	1121	1453	1130
6593	1121	677	1128
6599	1121	677	1128
6608	1121	677	1128
6614	1121	677	1126
6624	1121	677	1126
6629	1121	677	1126
6638	1121	677	1125
6644	1121	677	1124
6654	1121	677	1124
6659	1121	677	1124
6668	1121	677	1123
6674	1121	677	1123
6683	1121	677	1123
6689	1121	677	1123
6699	1121	677	1122
6704	1121	677	1122
6713	1121	677	1122
6719	1121	677	1122
6728	1121	677	1121
6734	1121	677	1121
6743	1121	677	1121
6749	1121	677	1121
6758	1121	677	1121
6764	1121	677	1121
6769	1121	677	1121
6774	1121	677	1121
6779	1121	677	1121
6789	1121	677	1121
6795	1121	677	1121
6804	1121	677	1120
6809	1121	677	1120
6814	1558	677	1120
6823	1558	677	1120
6828	1558	677	1120
6833	1558	677	1120
6838	1558	677	1120
6843	1558	677	1120
6848	1558	677	1120
6854	1558	677	1120
6863	1558	677	1120
6869	1558	677	1120
6878	1558	677	1119
6883	1558	677	1119
6888	1558	677	1119
6893	1558	677	1118
6898	1558	677	1118
6903	1558	677	1117
6908	1558	677	1116
6913	1558	677	1116
6918	1558	677	1114
6923	1558	677	1113
6928	1558	677	1113
6933	1558	677	1111
6938	1558	677	1109
6943	1558	677	1109
6948	1558	677	1106
6953	1558	677	1104
6958	1558	677	1104
6963	1558	677	1101
6968	1558	677	1099
6974	1558	677	1099
6983	1558	677	1093
6988	1558	677	1093
6993	1558	677	1090
6998	1558	677	1087
7003	1558	677	1087
7008	1558	677	1087
7013	1558	677	1081
7018	1558	677	1081
7023	1558	677	1077
7028	1558	677	1075
7033	1558	677	1075
7038	1558	677	1072
7043	1558	677	1070
7048	1558	677	1070
7053	1558	677	1069
7058	1558	677	1068
7063	1558	677	1068
7068	1558	677	1067
7073	1558	677	1067
7078	1558	677	1067
7083	1558	677	1067
7088	1558	677	1067
7094	1558	677	1067
7099	1558	677	1068
7104	1558	677	1069
7110	1558	677	1069
7120	1558	677	1071
7125	1558	677	1073
7134	1558	677	1075
7140	1558	677	1077
7149	1558	677	1081
7155	1558	677	1084
7164	1558	677	1091
7170	1558	677	1091
7179	1558	677	1094
7185	1558	677	1098
7194	1558	677	1102
7200	1558	677	1107
7209	1558	677	1112
7215	1558	677	1118
7224	1558	677	1129
7230	1558	677	1129
7239	1558	677	1136
7245	1558	677	1143
7254	1558	677	1150
7260	1558	677	1157
7270	1558	677	1164
7276	1558	677	1173
7285	1558	677	1182
7290	1558	677	1193
7299	1558	677	1217
7304	1558	677	1217
7309	1558	677	1231
7314	1558	677	1246
7323	1558	677	1261
7328	1558	677	1278
7333	1558	677	1278
7338	1558	677	1293
7343	1558	677	1310
7348	1558	677	1310
7353	1558	677	1326
7358	1558	677	1342
7363	1558	677	1342
7368	1558	677	1357
7373	1558	677	1372
7378	1558	677	1372
7383	1558	677	1389
7388	1558	677	1403
7393	1558	677	1403
7398	1558	677	1416
7403	1558	677	1429
7408	1558	677	1429
7413	1558	677	1441
7418	1558	677	1451
7423	1558	677	1451
7428	1558	677	1461
7433	1558	677	1470
7438	1558	677	1470
7443	1558	677	1476
7448	1558	677	1483
7453	1558	677	1483
7458	1558	677	1488
7463	1558	677	1492
7468	1558	677	1492
7473	1558	677	1496
7478	1558	677	1499
7483	1558	677	1499
7488	1558	677	1502
7493	1558	677	1504
7498	1558	677	1504
7503	1558	677	1506
7508	1558	677	1507
7513	1558	677	1507
7518	1558	677	1509
7523	1558	677	1511
7528	1558	677	1511
7533	1558	677	1512
7538	1558	677	1514
7543	1558	677	1514
7548	1558	677	1516
7553	1558	677	1518
7558	1558	677	1518
7563	1558	677	1520
7568	1558	677	1523
7573	1558	677	1523
7578	1558	677	1525
7583	1558	677	1528
7588	1558	677	1528
7593	1558	677	1530
7598	1558	677	1533
7603	1558	677	1533
7608	1558	677	1536
7613	1558	677	1538
7618	1558	677	1538
7623	1558	677	1541
7628	1558	677	1543
7633	1558	677	1543
7638	1558	677	1546
7644	1558	677	1548
7653	1558	677	1550
7658	1558	677	1551
7663	1558	677	1551
7668	1558	677	1552
7674	1558	677	1553
7683	1558	677	1554
7688	1558	677	1555
7693	1558	677	1555
7698	1558	677	1556
7704	1558	677	1557
7713	1558	677	1558
7718	1558	677	1559
7723	1558	677	1559
7728	1558	677	1560
7734	1558	677	1561
7740	1558	677	1561
7749	1558	677	1563
7758	1558	677	1563
7764	1558	677	1565
7773	1558	677	1565
7779	1558	677	1565
7788	1558	677	1565
7793	1558	677	1565
7798	1558	677	1565
7803	1558	677	1565
7808	1558	677	1565
7813	1558	677	1565
7818	1558	677	1565
7823	1558	677	1565
7828	1558	677	1565
7833	1558	677	1565
7838	1558	677	1564
7843	1558	677	1564
7848	1558	677	1564
7853	1558	677	1564
7858	1558	677	1563
7864	1558	677	1563
7870	1558	677	1563
7878	1558	677	1562
7883	1558	677	1562
7889	1558	677	1562
7894	1558	677	1561
7899	1558	677	1561
7904	1558	677	1561
7909	1558	677	1561
7914	1558	677	1561
7919	1558	677	1561
7924	1558	677	1561
7933	1558	677	1561
7938	1558	677	1561
7943	1558	677	1561
7948	1558	677	1560
7954	1558	677	1560
7959	1558	677	1560
7964	1558	677	1560
7969	1558	677	1560
7974	1558	677	1560
7984	1558	677	1560
7989	1558	677	1559
7994	1558	677	1559
7999	1558	677	1559
8004	1558	677	1559
8010	1558	677	1559
8019	1558	677	1559
8028	1558	677	1558
8033	1558	677	1558
8038	1558	677	1558
8043	1558	677	1558
8048	1558	677	1558
8053	1558	677	1558
8058	1558	677	1558
8063	1558	677	1558
8068	1558	677	1558
8073	1558	677	1558
8078	1558	677	1558
8083	1558	677	1558
8088	1558	677	1558
8093	1558	677	1558
8098	1558	677	1558
8103	1558	677	1558
8109	1558	677	1558
8118	1558	677	1558
8123	1558	677	1558
8128	1558	677	1558
8133	1558	677	1558
8139	1558	677	1558
8148	1558	677	1558
8154	1558	677	1558
8163	1558	677	1558
8169	1558	677	1558
8178	1558	677	1558
8184	1558	677	1558
8193	1558	677	1558
8199	1558	677	1558
8208	1558	677	1558
8214	1558	677	1558
8219	1558	677	1558
8229	1558	677	1558
8238	1558	677	1558
8244	1558	677	1558
8253	1558	677	1558
8258	1558	677	1558
8263	1558	677	1558
8269	1558	677	1558
8274	1558	677	1558
8279	1558	677	1558
8284	1558	677	1558
8289	1558	677	1558
8294	1558	677	1558
8299	1558	677	1558
8304	1558	677	1558
8309	1558	677	1558
8318	1558	677	1558
8323	1558	677	1558
8328	1558	677	1558
8334	1558	677	1558
8343	1558	677	1558
8349	1558	677	1558
8359	1558	677	1558
8364	1558	677	1558
8369	1558	677	1558
8379	1558	677	1558
8389	1558	677	1558
8394	1558	677	1558
8403	1558	677	1558
8409	1558	677	1558
8418	1558	677	1558
8424	1558	677	1558
8433	1558	677	1558
8439	1558	677	1558
8449	1558	677	1558
8454	1558	677	1558
8459	1558	677	1558
8468	1558	677	1558
8473	1558	677	1558
8478	1558	677	1558
8483	1558	677	1558
8488	1558	677	1558
8493	1558	677	1558
8498	1558	677	1558
8503	1558	677	1558
8508	1558	677	1558
8513	1558	677	1558
8518	1558	677	1558
8523	1558	677	1558
8529	1558	677	1558
8538	1096	677	1557
8543	1096	677	1557
8548	1096	677	1557
8553	1096	677	1557
8558	1096	677	1557
8563	1096	677	1557
8568	1096	677	1557
8573	1096	677	1557
8578	1096	677	1557
8583	1096	677	1557
8588	1096	677	1557
8593	1096	677	1557
8598	1096	677	1557
8603	1096	677	1557
8608	1096	677	1557
8613	1096	677	1557
8619	1096	677	1557
8628	1096	677	1557
8633	1096	677	1557
8638	1096	677	1557
8643	1096	677	1557
8648	1096	677	1557
8653	1096	677	1557
8658	1096	677	1557
8663	1096	677	1557
8668	1096	677	1557
8673	1096	677	1557
8678	1096	677	1557
8683	1096	677	1557
8688	1096	677	1557
8693	1096	677	1557
8698	1096	677	1557
8703	1096	677	1557
8709	1096	677	1557
8714	1096	677	1557
8719	1096	677	1557
8724	1096	677	1557
8733	1096	677	1557
8739	1096	677	1557
8749	1096	677	1557
8754	1096	677	1557
8763	1096	677	1556
8769	1096	677	1556
8779	1096	677	1555
8784	1096	677	1555
8789	1096	677	1554
8794	1096	677	1553
8799	1096	677	1553
8804	1096	677	1552
8809	1096	677	1550
8814	1096	677	1550
8819	1096	677	1547
8824	1096	677	1544
8829	1096	677	1544
8834	1096	677	1540
8839	1096	677	1535
8844	1096	677	1535
8849	1096	677	1529
8854	1096	677	1522
8859	1096	677	1522
8868	1096	677	1505
8874	1096	677	1505
8883	1096	677	1485
8889	1096	677	1485
8894	1096	677	1473
8899	1096	677	1461
8908	1096	677	1449
8913	1096	677	1435
8919	1096	677	1435
8928	1096	677	1408
8934	1096	677	1408
8943	1096	677	1380
8949	1096	677	1380
8954	1096	677	1367
8963	1096	677	1353
8969	1096	677	1339
8978	1096	677	1325
8983	1096	677	1312
8988	1096	677	1299
8995	1096	677	1299
9003	1096	677	1274
9010	1096	677	1274
9019	1096	677	1252
9028	1096	677	1241
9033	1096	677	1231
9038	1096	677	1231
9044	1096	677	1222
9053	1096	677	1214
9058	1096	677	1207
9063	1096	677	1207
9069	1096	677	1199
9074	1096	677	1192
9079	1096	677	1192
9085	1096	677	1186
9094	1096	677	1173
9104	1096	677	1167
9115	1096	677	1161
9123	1096	677	1149
9129	1096	677	1149
9138	1096	677	1139
9144	1096	677	1139
9150	1096	677	1134
9159	1096	677	1130
9168	1096	677	1123
9173	1096	677	1123
9178	1096	677	1120
9184	1096	677	1117
9194	1096	677	1115
9199	1096	677	1112
9204	1096	677	1112
9214	1096	677	1108
9223	1096	677	1107
9229	1096	677	1105
9239	1096	677	1104
9249	1096	677	1104
9259	1096	677	1103
9268	1096	677	1103
9274	1096	677	1103
9283	1096	677	1103
9288	1096	677	1103
9294	1096	677	1103
9303	1096	677	1103
9309	1096	677	1103
9319	1096	677	1103
9324	1096	677	1103
9329	1096	677	1103
9340	1096	677	1103
9349	1096	677	1102
9359	1096	677	1102
9369	1096	677	1102
9379	1096	677	1102
9389	1096	677	1102
9399	1096	677	1102
9409	1096	677	1101
9419	1096	677	1101
9429	1096	677	1101
9439	1096	677	1101
9449	1096	677	1101
9458	1096	677	1101
9464	1096	677	1101
9473	1096	677	1101
9479	1096	677	1101
9484	1096	677	1101
9494	1096	677	1101
9504	1096	677	1101
9514	1096	677	1100
9523	1096	677	1100
9529	1096	677	1100
9539	1096	677	1099
9549	1096	677	1099
9559	1096	677	1099
9569	1096	677	1099
9579	1096	677	1099
9589	1096	677	1099
9599	1096	677	1099
9609	1096	677	1099
9619	1096	677	1099
9629	1096	677	1099
9639	1096	677	1099
9649	1096	677	1099
9659	1096	677	1099
9668	1096	677	1099
9674	1096	677	1098
9684	1096	677	1098
9693	1096	677	1098
9699	1096	677	1098
9709	1096	677	1097
9719	1096	677	1097
9728	1096	677	1097
9733	1096	677	1097
9738	1096	677	1097
9744	1096	677	1097
9754	1096	677	1097
9764	1096	677	1097
9774	1096	677	1097
9783	1096	677	1097
9788	1096	677	1097
9793	1096	677	1097
9799	1096	677	1097
9809	1096	677	1097
9814	1096	677	1097
9819	1096	677	1097
9824	1096	677	1097
9834	1096	677	1097
9843	1096	677	1097
9848	1096	677	1097
9854	1096	677	1097
9864	1096	677	1097
9873	1096	677	1096
9878	1096	677	1096
9884	1096	677	1096
9894	1096	677	1096
9904	1096	677	1096
9914	1096	677	1096
9924	1096	677	1096
9933	1096	677	1096
9939	1096	677	1096
9949	1096	677	1096
9959	1096	677	1096
9969	1096	677	1096
9980	1096	677	1096
9989	1096	677	1096
9998	1096	677	1096
10003	1096	677	1096
10009	1096	677	1096
10014	1096	677	1096
10024	1096	677	1096
10033	1096	677	1096
10039	1096	677	1096
10048	1096	677	1096
10053	1096	677	1096
10059	1096	677	1096
10069	1096	677	1096
10079	1096	677	1096
10089	1096	677	1096
10098	1096	677	1096
10103	1096	677	1096
10109	1096	677	1096
10114	1096	677	1096
10123	1096	677	1096
10128	1096	677	1096
10133	1096	677	1096
10138	1096	677	1096
10144	744	677	1096
10154	744	677	1096
10164	744	677	1096
10173	744	677	1096
10178	744	677	1096
10183	744	677	1096
10188	744	677	1096
10193	744	677	1096
10199	744	677	1096
10209	744	677	1096
10218	744	677	1096
10224	744	677	1096
10233	744	677	1096
10238	744	677	1096
10243	744	677	1096
10248	744	677	1096
10254	744	677	1096
10263	744	677	1096
10269	744	677	1096
10278	744	677	1096
10283	744	677	1096
10288	744	677	1096
10294	744	677	1096
10300	744	677	1096
10309	744	677	1096
10319	744	677	1096
10329	744	677	1096
10339	744	677	1096
10344	744	677	1096
10354	744	677	1096
10364	744	677	1096
10373	744	677	1096
10379	744	677	1096
10384	744	677	1096
10393	744	677	1096
10398	744	677	1096
10403	744	677	1096
10409	744	677	1096
10414	744	677	1096
10419	744	677	1096
10428	744	677	1096
10433	744	677	1096
10438	744	677	1095
10443	744	677	1095
10448	744	677	1095
10454	744	677	1094
10459	744	677	1094
10468	744	677	1093
10474	744	677	1093
10479	744	677	1092
10484	744	677	1090
10489	744	677	1090
10500	744	677	1086
10509	744	1073	1082
10518	744	1073	1079
10523	744	1073	1074
10528	744	1073	1069
10534	744	1073	1069
10539	744	1073	1062
10544	744	1073	1055
10553	744	1073	1047
10558	744	1073	1038
10564	744	1073	1038
10569	744	1073	1029
10574	744	1073	1019
10584	744	1073	1008
10593	744	1073	997
10598	744	1073	985
10604	744	1073	974
10614	744	1073	962
10624	744	1073	951
10633	744	1073	927
10638	744	1073	927
10644	744	1073	916
10654	744	1073	905
10664	744	1073	884
10669	744	1073	884
10674	744	1073	874
10689	744	1073	865
10694	744	1073	848
10699	744	1073	848
10704	744	1073	840
10709	744	1073	833
10714	744	1073	833
10724	744	1073	821
10729	744	1073	821
10738	744	1073	811
10744	744	1073	811
10753	744	1073	803
10759	744	1073	803
10769	744	1073	797
10774	744	1073	797
10783	744	1073	793
10789	744	1073	793
10794	744	1073	791
10803	744	1073	790
10808	744	1073	790
10813	744	1073	790
10818	744	1073	790
10823	744	1073	790
10828	744	1073	790
10833	744	1073	790
10838	744	1073	790
10844	744	1073	790
10853	744	1073	790
10858	744	1073	790
10864	744	1073	790
10873	744	1073	790
10878	744	1073	790
10883	744	1073	790
10888	744	1073	790
10893	744	1073	790
10898	744	1073	790
10904	744	1073	790
10913	744	1073	790
10918	744	1073	790
10923	744	1073	790
10928	744	1073	790
10933	744	1073	789
10938	744	1073	789
10943	744	1073	789
10948	744	1073	788
10953	744	1073	788
10959	744	1073	788
10964	744	1073	786
10973	744	1073	785
10978	744	1073	783
10983	744	1073	783
10989	744	1073	782
10998	744	1073	780
11003	744	1073	778
11010	744	1073	778
11018	744	1073	774
11024	744	1377	773
11033	744	1377	771
11038	744	1377	770
11044	744	1377	770
11049	744	1377	767
11054	744	1377	765
11063	744	1377	763
11068	744	1377	761
11073	744	1377	761
11078	744	1377	759
11083	744	1377	757
11088	744	1377	757
11093	744	1377	755
11098	744	1377	755
11103	744	1377	754
11108	744	1377	753
11113	744	1377	753
11118	744	1377	752
11123	744	1377	752
11128	744	1377	752
11133	744	1377	750
11138	744	1377	750
11143	744	1377	750
11148	744	1377	749
11153	744	1377	749
11158	744	1377	749
11163	744	1377	748
11168	744	1377	748
11173	744	1377	748
11178	744	1377	748
11183	744	1377	748
11188	744	1377	748
11193	744	1377	747
11198	744	1377	747
11203	744	1377	747
11208	744	1377	747
11213	744	1377	747
11219	744	1377	747
11224	744	1377	746
11233	744	1377	746
11238	744	1377	746
11243	744	1377	746
11248	744	1377	746
11253	744	1377	746
11258	744	1377	745
11263	744	1377	745
11268	744	1377	745
11273	744	1377	745
11279	744	1377	745
11288	744	1377	745
11294	744	1377	745
11303	744	1377	745
11309	744	1377	745
11318	744	1377	745
11324	744	1377	745
11333	744	1377	745
11339	931	1377	745
11348	931	1377	745
11354	931	1377	745
11364	931	1377	745
11373	931	1377	745
11378	931	1377	745
11384	931	1377	745
11393	931	1377	745
11399	931	1377	745
11408	931	1377	745
11414	931	1377	745
11424	931	1377	745
11429	931	1377	745
11438	931	1377	745
11444	931	1377	745
11453	931	1377	745
11459	931	1377	745
11468	931	1377	745
11474	931	1377	745
11483	931	1377	745
11489	931	1377	745
11494	931	1377	745
11499	931	1377	745
11508	931	1377	745
11513	931	1377	745
11519	931	1377	745
11524	931	1377	745
11529	931	1377	745
11534	931	1377	745
11539	931	1377	745
11544	931	1377	745
11549	931	1377	745
11558	931	1377	745
11564	931	1377	745
11573	931	1377	745
11579	931	1377	745
11588	931	1377	745
11594	931	1377	745
11603	931	1377	745
11608	931	1377	745
11613	931	1377	745
11619	931	1377	746
11628	931	1377	746
11633	931	1377	746
11638	931	1377	746
11643	931	1377	748
11648	931	1377	748
11654	931	1377	748
11663	931	1377	750
11669	931	1377	750
11679	931	1377	756
11688	931	1377	759
11693	931	1377	763
11698	931	1377	763
11703	931	268	768
11708	931	268	772
11713	931	268	772
11718	931	268	778
11723	931	268	783
11728	931	268	783
11733	931	268	788
11738	931	268	794
11743	931	268	794
11748	931	268	800
11753	931	268	805
11758	931	268	805
11763	931	268	811
11768	931	268	816
11773	931	268	816
11778	931	268	821
11783	931	268	826
11788	931	268	826
11793	931	268	831
11798	931	268	836
11803	931	268	836
11808	931	268	841
11813	931	268	845
11819	931	268	845
11828	931	268	854
11833	931	268	854
11843	931	268	863
11849	931	268	863
11858	931	268	872
11864	931	268	872
11873	931	268	880
11879	931	268	880
11884	931	268	884
11889	931	268	887
11894	931	268	887
11899	931	268	891
11904	931	268	894
11909	931	268	894
11914	931	268	897
11919	931	268	899
11924	931	268	899
11929	931	268	901
11934	931	268	903
11939	931	268	903
11944	931	268	905
11949	931	268	906
11954	931	268	906
11959	931	268	909
11964	931	268	910
11969	931	268	910
11978	931	268	915
11984	931	268	915
11993	931	268	920
11999	931	268	920
12008	931	268	925
12014	931	268	925
12019	931	268	927
12024	931	268	930
12029	931	268	930
12038	931	268	933
12044	931	268	933
12053	931	268	934
12058	931	268	934
12063	931	268	935
12068	931	268	935
12073	931	268	935
12078	931	268	935
12083	931	268	935
12088	931	268	935
12093	931	268	935
12098	931	268	935
12103	931	268	935
12108	931	268	935
12113	931	268	936
12118	931	268	936
12123	931	268	936
12129	931	268	936
12138	931	268	936
12143	931	268	936
12148	931	268	936
12153	931	268	936
12158	931	268	936
12163	931	268	936
12168	931	268	937
12173	931	268	937
12178	931	268	937
12183	931	268	937
12189	931	1495	937
12198	931	1495	937
12203	931	1495	937
12208	931	1495	937
12213	931	1495	937
12218	931	1495	937
12223	931	1495	937
12229	931	1495	937
12234	931	1495	937
12243	931	1495	937
12248	931	1495	937
12253	931	1495	937
12258	931	1495	937
12263	931	1495	937
12268	931	1495	937
12273	931	1495	937
12278	931	1495	937
12284	931	1495	937
12293	931	1495	937
12298	931	1495	937
12303	931	1495	936
12308	931	1495	936
12313	931	1495	936
12318	931	1495	936
12323	931	1495	936
12329	931	1495	936
12338	931	1495	936
12343	931	1495	936
12348	931	1495	935
12353	931	1495	935
12358	931	1495	935
12363	931	1495	935
12368	931	1495	935
12373	931	1495	935
12378	931	1495	935
12383	931	1495	935
12388	931	1495	935
12393	931	1495	935
12398	931	1495	935
12403	931	1495	935
12408	931	1495	935
12414	931	1495	935
12423	931	1495	935
12429	931	1495	935
12438	931	1495	935
12444	931	1495	935
12453	931	1495	935
12459	931	1495	935
12468	931	1495	934
12473	931	1495	934
12478	931	1495	934
12483	931	1495	934
12489	931	1495	934
12498	931	1495	934
12503	931	1495	933
12508	931	1495	933
12513	931	1495	933
12519	931	1495	933
12528	931	1495	933
12534	931	1495	933
12543	931	1495	933
12549	931	1495	933
12558	931	1495	933
12564	931	1495	933
12573	931	1495	933
12579	931	1495	933
12588	931	1495	933
12593	931	1495	933
12599	931	1495	933
12608	931	1495	933
12613	931	1495	933
12618	931	1495	933
12623	931	1495	933
12628	931	1495	933
12633	931	1495	932
12638	931	1495	932
12643	931	1495	932
12648	931	1495	932
12653	931	1495	932
12658	931	1495	931
12663	931	1495	931
12668	931	1495	931
12673	931	1495	931
12678	931	1495	931
12683	931	1495	931
12688	931	1495	931
12693	931	1495	931
12698	931	1495	931
12703	931	1495	931
12708	931	1495	931
12713	931	1495	931
12718	931	1495	931
12723	931	1495	931
12729	931	1495	931
12738	931	1495	930
12744	931	1495	930
12749	931	1495	930
12754	931	1495	930
12759	931	1495	930
12764	931	1495	930
12769	931	1495	930
12774	931	1495	930
12779	931	1495	930
12784	931	1495	930
12789	931	1495	930
12798	931	1495	930
12804	931	1495	930
12813	931	1495	930
12818	931	1495	930
12823	931	1495	930
12828	931	1495	930
12833	931	1495	930
12838	931	1495	930
12843	931	1495	930
12849	931	1495	930
12858	931	1495	930
12864	931	1495	930
12873	931	1495	930
12879	931	1495	930
12888	931	1495	930
12893	931	1495	930
12898	931	1495	930
12903	931	1495	930
12909	931	1495	930
12918	931	1495	930
12924	931	1495	930
12933	931	1495	930
12939	931	1495	930
12948	931	1495	930
12954	931	1495	930
12959	931	1495	930
12964	931	1495	930
12969	931	1495	930
12978	931	1495	930
12984	931	1495	930
12993	931	1495	930
12999	931	1495	930
13008	931	1495	930
13014	931	1495	930
13024	931	1495	930
13029	931	1495	930
13034	931	1495	930
13044	931	1495	930
13053	931	1495	930
13058	931	1495	930
13063	931	1495	930
13068	931	1495	930
13073	931	1495	930
13078	931	1495	930
13083	931	1495	930
13089	931	1495	930
13098	931	1495	930
13103	931	1495	930
13108	931	1495	930
13113	931	1495	930
13118	931	1495	930
13123	931	1495	930
13128	931	1495	930
13133	931	1495	930
13138	931	1495	930
13143	931	1495	930
13149	931	1495	930
13158	931	1495	930
13164	931	1495	930
13173	931	1495	930
13179	931	1495	930
13188	931	1495	930
13194	931	1495	930
13203	931	1495	930
13209	931	1495	930
13218	931	1495	930
13223	931	1495	930
13228	931	1495	930
13233	931	1495	930
13238	931	1495	930
13243	931	1495	930
13248	931	1495	930
13253	931	1495	930
13258	931	1495	930
13264	931	1495	930
13273	931	1495	930
13278	931	1495	930
13283	931	1495	930
13288	931	1495	930
13293	931	1495	930
13298	931	1495	930
13303	931	1495	930
13308	931	1495	930
13313	931	1158	930
13318	931	1158	930
13323	931	1158	930
13328	931	1158	930
13333	931	1158	930
13338	931	1158	930
13343	931	1158	930
13348	931	1158	929
13353	931	1158	929
13358	931	1158	929
13363	931	1158	929
13368	931	1158	929
13373	931	1158	929
13378	931	1158	929
13383	931	1158	929
13388	931	1158	929
13393	931	1158	929
13398	931	1158	929
13403	931	1158	929
13408	931	1158	929
13413	931	1158	929
13418	931	1158	929
13423	931	1158	929
13428	931	1158	929
13434	931	1158	929
13443	931	1158	929
13448	931	1158	929
13453	931	1158	929
13458	931	1158	929
13464	931	1158	929
13473	931	1158	929
13479	931	1158	929
13488	931	1158	929
13494	931	1158	929
13503	931	1158	929
13509	931	1158	929
13518	931	1158	929
13524	931	1158	929
13533	931	1158	929
13539	931	1158	929
13548	931	1158	929
13554	931	1158	929
13559	931	1158	929
13564	931	1158	929
13569	1377	1158	929
13578	1377	1158	929
13584	1377	1158	929
13593	1377	1158	929
13599	1377	1158	929
13608	1377	1158	929
13614	1377	1158	929
13623	1377	1158	929
13629	1377	1158	929
13634	1377	1158	929
13643	1377	1158	929
13648	1377	1158	929
13653	1377	1158	929
13658	1377	1158	929
13663	1377	1158	929
13668	1377	1158	929
13673	1377	1158	929
13678	1377	1158	929
13683	1377	1158	929
13688	1377	1158	929
13693	1377	1158	929
13698	1377	1158	929
13703	1377	1158	929
13708	1377	1158	929
13713	1377	1158	929
13718	1377	1158	929
13723	1377	1158	929
13728	1377	1158	929
13733	1377	1158	929
13738	1377	1158	929
13743	1377	1158	929
13748	1377	1158	929
13753	1377	1158	929
13758	1377	1158	929
13763	1377	1158	929
13768	1377	1158	929
13773	1377	1158	929
13778	1377	1158	929
13783	1377	1158	929
13788	1377	1158	929
13793	1377	1158	929
13798	1377	1158	929
13803	1377	1158	929
13808	1377	1158	929
13813	1377	1158	929
13818	1377	1158	929
13823	1377	1158	929
13828	1377	1158	929
13834	1377	1158	929
13843	1377	1158	929
13848	1377	1158	929
13853	1377	1158	929
13858	1377	1158	929
13863	1377	1158	929
13868	1377	1158	929
13873	1377	1158	929
13878	1377	1158	929
13883	1377	1158	929
13888	1377	1158	929
13893	1377	1158	929
13898	1377	1158	929
13903	1377	1158	930
13908	1377	782	930
13913	1377	782	930
13918	1377	782	931
13923	1377	782	932
13928	1377	782	932
13933	1377	782	933
13938	1377	782	935
13943	1377	782	935
13948	1377	782	937
13953	1377	782	939
13958	1377	782	939
13963	1377	782	942
13969	1377	782	945
13978	1377	782	949
13983	1377	782	954
13988	1377	782	954
13993	1377	782	958
13999	1377	782	963
14005	1377	782	963
14014	1377	782	974
14023	1377	782	981
14029	1377	782	988
14038	1377	782	995
14043	1377	782	1003
14048	1377	782	1003
14053	1377	782	1013
14059	1377	782	1022
14068	1377	782	1033
14073	1377	782	1033
14078	1377	782	1044
14083	1377	782	1055
14089	1377	782	1067
14098	1377	782	1078
14103	1377	782	1091
14109	1377	782	1091
14114	1377	782	1103
14119	1377	782	1116
14128	1377	782	1131
14134	1377	782	1145
14143	1377	782	1160
14148	1377	782	1160
14153	1377	782	1174
14158	1377	782	1189
14164	1377	782	1203
14173	1377	782	1217
14179	1377	782	1229
14188	1377	782	1241
14193	1377	782	1241
14198	1377	782	1252
14203	1377	782	1262
14208	1377	782	1271
14213	1377	782	1271
14218	1377	782	1280
14223	1377	782	1280
14228	1377	782	1287
14233	1377	782	1294
14238	1377	782	1300
14243	1377	782	1300
14248	1377	782	1305
14253	1377	782	1310
14258	1377	782	1310
14263	1377	782	1314
14268	1377	782	1318
14273	1377	782	1318
14278	1377	782	1322
14283	1377	782	1322
14288	1377	782	1325
14293	1377	782	1327
14298	1377	782	1330
14303	1377	782	1330
14308	1377	782	1331
14313	1377	782	1331
14318	1377	782	1333
14323	1377	782	1334
14328	1377	782	1335
14333	1377	782	1335
14338	1377	782	1335
14343	1377	782	1335
14348	1377	782	1337
14353	1377	782	1337
14358	1377	782	1337
14363	1377	782	1338
14368	1377	782	1338
14373	1377	782	1338
14378	1377	782	1338
14383	1377	782	1338
14388	1377	782	1338
14393	1377	782	1339
14398	1377	782	1339
14403	1377	782	1339
14408	1377	782	1339
14413	1377	782	1339
14418	1377	782	1339
14423	1377	782	1340
14428	1377	782	1340
14433	1377	782	1340
14439	1377	782	1341
14444	1377	782	1341
14449	1377	782	1341
14458	1377	782	1344
14464	1377	782	1344
14473	1377	782	1347
14479	1377	782	1347
14488	1377	782	1351
14494	1377	782	1351
14503	1377	782	1356
14509	1377	782	1356
14518	1377	782	1360
14524	1377	782	1360
14533	1377	782	1364
14539	1377	782	1364
14544	1377	782	1367
14549	1377	782	1369
14554	1377	782	1369
14564	1377	782	1372
14569	1377	782	1372
14578	1377	1563	1373
14588	1377	1563	1375
14593	1377	1563	1375
14598	1377	1563	1375
14604	1377	1563	1375
14614	1377	1563	1376
14623	1377	1563	1376
14629	1377	1563	1376
14634	1377	1563	1376
14643	1377	1563	1376
14648	1377	1563	1376
14653	1377	1563	1376
14658	1377	1563	1376
14664	1377	1563	1376
14673	1377	1563	1376
14678	1377	1563	1376
14683	1377	1563	1376
14688	1377	1563	1376
14693	1377	1563	1376
14698	1377	1563	1376
14703	1377	1563	1376
14708	1377	1563	1376
14713	1377	1563	1376
14719	1377	1563	1376
14724	1377	1563	1376
14733	1377	1563	1376
14738	1377	1563	1376
14744	1377	1563	1376
14749	1377	1563	1376
14758	1377	1563	1375
14763	1377	1563	1375
14768	1377	1563	1375
14773	1377	1563	1375
14779	1377	1563	1375
14788	1377	1563	1375
14794	1377	1563	1375
14803	1377	1563	1375
14809	1377	1563	1375
14818	1377	1563	1375
14823	1377	1563	1375
14828	1377	1563	1375
14833	1377	1563	1375
14839	1377	1563	1375
14844	1377	1563	1375
14849	1377	1563	1375
14854	1377	1563	1375
14863	1377	1563	1375
14868	1377	1563	1375
14873	1377	1563	1375
14878	1377	1563	1375
14883	1377	1563	1375
14888	1377	1563	1375
14893	1377	1563	1375
14898	1377	1563	1375
14903	1377	1563	1375
14908	1377	1563	1375
14914	1377	1563	1375
14923	1377	1563	1375
14928	1377	1563	1375
14933	1377	1563	1375
14938	1377	1563	1375
14943	1377	1563	1375
14948	1377	1563	1375
14953	1377	1563	1375
14958	1377	1563	1375
14963	1377	1563	1375
14968	1377	1563	1375
14973	1377	1563	1375
14978	1377	1563	1375
14983	1377	1563	1375
14988	1377	1563	1375
14993	1377	1563	1375
14998	1377	1563	1375
15003	1377	1563	1375
15008	1377	1563	1375
15013	1377	1563	1375
15019	1377	1563	1375
15028	1377	1563	1375
15034	1377	1563	1375
15039	1377	1563	1375
15044	1377	1563	1375
15049	1377	1563	1375
15058	1377	1563	1375
15064	1377	1563	1375
15073	1377	1563	1375
15079	1377	1563	1375
15088	1377	1563	1375
15094	1377	1563	1375
15103	1377	1563	1375
15109	1377	1563	1375
15118	1377	1563	1375
15124	1377	1563	1375
15134	1377	1563	1375
15139	1377	1563	1375
15144	1377	1563	1375
15149	1377	1563	1375
15154	1377	1563	1375
15159	1377	1563	1375
15164	1377	1563	1375
15169	1377	1563	1375
15174	1377	1563	1375
15179	1377	1563	1375
15184	1377	1563	1375
15193	1377	1563	1375
15199	1377	1563	1375
15208	1377	1563	1375
15213	1377	1563	1375
15218	1377	1563	1375
15223	1377	421	1375
15228	1377	421	1375
15233	1377	421	1375
15239	1377	421	1375
15244	1377	421	1375
15253	1377	421	1375
15259	1377	421	1375
15268	1377	421	1375
15274	1377	421	1375
15283	1377	421	1375
15288	1377	421	1375
15293	1377	421	1375
15298	1377	421	1375
15303	1377	421	1375
15308	1377	421	1375
15313	1377	421	1375
15319	1377	421	1375
15328	1377	421	1375
15333	1377	421	1375
15338	1377	421	1375
15343	1377	421	1375
15349	1377	421	1375
15358	1377	421	1375
15364	1377	421	1375
15373	1377	421	1375
15378	1377	421	1375
15383	1377	421	1375
15388	1377	421	1375
15393	1377	421	1375
15398	1377	421	1375
15403	1377	421	1375
15408	1377	421	1375
15413	1377	421	1375
15419	1377	421	1375
15428	1377	421	1374
15434	1377	421	1374
15439	1377	421	1374
15449	1377	421	1374
15458	1377	421	1374
15463	1377	421	1374
15468	1377	421	1374
15473	1377	421	1374
15478	1377	421	1374
15483	1377	421	1374
15488	1377	421	1374
15493	1377	421	1374
15498	1377	421	1374
15503	1377	421	1373
15508	1377	421	1373
15513	1377	421	1373
15519	1377	421	1373
15528	1377	421	1373
15533	1377	421	1372
15538	1377	421	1372
15545	1377	421	1372
15554	1377	421	1371
15563	1377	421	1370
15569	1377	421	1369
15578	1377	421	1368
15584	1377	421	1367
15593	1377	421	1365
15599	1377	421	1364
15608	1377	421	1363
15614	1377	421	1361
15620	1377	421	1361
15629	1377	421	1359
15639	1377	421	1358
15644	1377	421	1357
15650	1377	421	1357
15658	1377	421	1356
15663	1377	421	1356
15668	1377	421	1355
15674	1377	421	1355
15683	1377	421	1354
15689	1377	421	1354
15698	1377	421	1354
15704	1377	421	1354
15713	1377	421	1354
15719	1377	421	1354
15728	1377	421	1354
15733	1377	421	1354
15738	1377	421	1354
15744	1377	421	1354
15749	1377	421	1354
15759	1377	421	1354
15769	1377	421	1354
15774	1377	421	1354
15779	1377	421	1354
15784	1377	421	1354
15789	1377	421	1354
15794	1377	421	1354
15803	1377	421	1355
15808	1377	421	1355
15813	1377	421	1355
15819	1377	421	1356
15828	1377	421	1356
15833	1377	421	1357
15838	1377	421	1358
15844	1377	421	1358
15849	1377	421	1359
15854	1377	421	1360
15863	1377	421	1361
15868	1377	421	1361
15874	1377	421	1361
15879	1377	421	1362
15884	1377	421	1363
15893	1377	421	1364
15898	1377	421	1364
15903	1377	421	1364
15908	1377	421	1365
15913	1377	421	1365
15918	1377	421	1365
15923	1377	421	1367
15928	1377	421	1367
15933	1377	421	1367
15938	1377	421	1368
15943	1377	421	1368
15948	1377	421	1368
15953	1377	421	1369
15959	1377	421	1369
15968	1377	421	1369
15973	1377	421	1369
15978	1377	421	1369
15983	1377	421	1370
15989	1377	421	1370
15998	1377	421	1371
16004	1377	421	1371
16013	1377	421	1372
16019	1377	421	1372
16024	1377	421	1372
16034	1377	421	1372
16043	1377	421	1372
16049	1377	421	1373
16058	1377	421	1373
16064	1377	421	1373
16073	1377	421	1373
16079	1377	421	1373
16088	1377	421	1373
16094	1377	421	1373
16103	1377	421	1373
16109	1377	421	1373
16118	1377	421	1373
16124	1377	421	1373
16133	1377	421	1373
16139	1377	421	1373
16149	1377	421	1374
16154	1377	421	1374
16163	1377	421	1374
16169	1377	421	1374
16178	1377	421	1374
16184	1377	421	1374
16194	1377	421	1375
16199	1377	421	1375
16208	1377	421	1375
16213	1377	421	1375
16218	1377	421	1375
16223	1377	421	1375
16228	1377	421	1375
16233	1377	421	1375
16238	1377	421	1376
16244	1377	421	1376
16253	1377	421	1376
16259	1377	421	1376
16268	1377	421	1377
16274	1377	421	1377
16284	1377	421	1377
16289	1377	421	1377
16298	1377	421	1378
16303	1377	421	1378
16308	1377	421	1378
16313	1377	421	1378
16319	1377	421	1378
16328	1377	421	1378
16334	1377	421	1378
16344	1377	421	1378
16349	1377	421	1378
16358	1377	421	1378
16363	1377	421	1378
16368	1377	421	1378
16373	1377	421	1378
16378	1377	421	1378
16383	1377	421	1378
16388	1377	421	1378
16393	1377	421	1378
16398	1377	421	1378
16403	1377	421	1378
16408	1377	421	1378
16413	1377	421	1378
16418	1377	421	1378
16423	1377	421	1378
16428	1377	421	1378
16433	1377	421	1378
16438	1377	421	1378
16443	1377	421	1378
16448	1377	477	1378
16453	1377	477	1378
16458	1377	477	1378
16463	1377	477	1378
16468	1377	477	1378
16474	1377	477	1378
16483	1377	477	1378
16488	1377	477	1378
16493	1377	477	1378
16498	1377	477	1378
16503	1377	477	1378
16508	1377	477	1378
16513	1377	477	1378
16518	1377	477	1378
16523	1377	477	1378
16528	1377	477	1378
16533	1377	477	1378
16538	1377	477	1378
16543	1377	477	1378
16548	1377	477	1378
16553	1377	477	1378
16558	1377	477	1378
16563	1377	477	1378
16568	1377	477	1378
16573	1377	477	1378
16578	1377	477	1378
16583	1377	477	1378
16589	1377	477	1378
16598	1377	477	1378
16604	1377	477	1378
16613	1377	477	1378
16619	1377	477	1378
16624	1377	477	1378
16629	1377	477	1378
16634	1377	477	1378
16643	1377	477	1378
16649	1377	477	1378
16654	1377	477	1378
16659	1377	477	1379
16669	1377	477	1379
16674	1377	477	1379
16679	1377	477	1379
16688	1377	477	1379
16694	1377	477	1379
16703	1377	477	1379
16709	1377	477	1379
16718	1377	477	1379
16724	1377	477	1379
16733	1377	477	1379
16739	1377	477	1379
16748	1377	477	1379
16754	1377	477	1379
16763	1377	477	1379
16769	1377	477	1379
16778	1377	477	1379
16784	1377	477	1379
16793	1377	477	1379
16798	1377	477	1379
16803	1377	477	1379
16808	1377	477	1379
16813	1377	477	1379
16818	1377	477	1379
16824	1377	477	1379
16833	1377	477	1379
16838	1377	477	1379
16843	1377	477	1379
16848	1377	477	1379
16854	1377	477	1379
16863	1377	477	1379
16869	1377	477	1379
16875	1377	477	1379
16884	1377	477	1379
16893	1377	477	1379
16898	1377	477	1379
16903	1377	477	1379
16908	1377	477	1379
16913	1377	477	1379
16918	1377	477	1379
16924	1377	477	1379
16929	1377	477	1379
16938	1377	477	1379
16943	1377	477	1379
16948	1377	477	1379
16953	1377	477	1379
16958	1377	477	1379
16963	1377	477	1379
16968	1377	477	1379
16973	1377	477	1379
16978	1377	477	1379
16983	1377	477	1379
16988	1377	477	1379
16993	1377	477	1379
16998	1377	477	1379
17003	1377	477	1379
17008	1377	477	1379
17013	1377	477	1379
17018	1377	477	1379
17024	1377	477	1379
17033	1377	477	1379
17038	1377	477	1379
17043	1377	477	1379
17048	1377	477	1379
17053	1377	477	1379
17058	1377	477	1379
17063	1377	477	1379
17068	1377	1337	1379
17073	1377	1337	1379
17078	1377	1337	1379
17083	1377	1337	1379
17088	1377	1337	1379
17093	1377	1337	1379
17098	1377	1337	1379
17103	1377	1337	1379
17108	1377	1337	1379
17113	1377	1337	1379
17118	1377	1337	1379
17124	1377	1337	1379
17133	1377	1337	1379
17138	1377	1337	1379
17143	1377	1337	1379
17148	1377	1337	1379
17153	1377	1337	1379
17158	1377	1337	1379
17163	1377	1337	1379
17168	1377	1337	1379
17173	1377	1337	1379
17178	1377	1337	1379
17183	1377	1337	1379
17188	1377	1337	1379
17193	1377	1337	1379
17199	1377	1337	1379
17208	1377	1337	1379
17213	1377	1337	1379
17218	1377	1337	1379
17223	1377	1337	1379
17229	1377	1337	1379
17238	1377	1337	1379
17244	1377	1337	1379
17253	1377	1337	1379
17259	1377	1337	1379
17268	1377	1337	1379
17274	1377	1337	1379
17283	1377	1337	1379
17289	1377	1337	1379
17298	1377	1337	1379
17304	1377	1337	1379
17313	1377	1337	1379
17318	1377	1337	1379
17323	1377	1337	1378
17329	1377	1337	1378
17338	1377	1337	1378
17343	1377	1337	1378
17348	1377	1337	1378
17353	1377	1337	1377
17358	1377	1337	1377
17363	1377	1337	1377
17368	1377	1337	1377
17373	1377	1337	1377
17378	1377	1337	1377
17383	1377	1337	1377
17388	1377	1337	1377
17393	1377	1337	1377
17398	1377	1337	1377
17403	1377	1337	1377
17408	1377	1337	1377
17413	1377	1337	1377
17418	1377	1337	1377
17423	1377	1337	1377
17428	1377	1337	1377
17433	1377	1337	1377
17439	1377	1337	1377
17448	1377	1337	1377
17453	1377	1337	1377
17458	1377	1337	1376
17463	1377	1337	1376
17468	1377	1337	1376
17473	1377	1337	1376
17478	1377	1337	1376
17483	1377	1337	1376
17488	1377	1337	1375
17493	1377	1337	1375
17498	1377	1337	1374
17503	1377	1337	1374
17508	1377	1337	1374
17513	1377	1337	1372
17518	1377	1337	1372
17523	1377	1337	1371
17528	1377	1337	1371
17533	1377	1337	1369
17538	1377	1337	1367
17543	1377	1337	1365
17548	1377	1337	1365
17553	1377	1337	1364
17558	1377	1337	1364
17563	1377	1337	1362
17568	1377	1337	1360
17573	1377	1337	1359
17578	1377	1337	1359
17584	1377	1337	1359
17593	1377	1004	1359
17598	1377	1004	1358
17604	1377	1004	1358
17613	1377	1004	1358
17619	1377	1004	1358
17628	1377	1004	1358
17634	1377	1004	1358
17643	1377	1004	1358
17649	1377	1004	1358
17658	1377	1004	1359
17664	1377	1004	1359
17673	1377	1004	1359
17679	1377	1004	1359
17689	1377	1004	1360
17694	1377	1004	1360
17704	1377	1004	1361
17709	1377	1004	1361
17719	1377	1004	1362
17724	1377	1004	1362
17733	1377	1004	1364
17739	1377	1004	1364
17748	1377	1004	1365
17754	1377	1004	1367
17763	1377	1004	1367
17769	1377	1004	1367
17774	1377	1004	1368
17779	1377	1004	1368
17784	1377	1004	1368
17789	1377	1004	1369
17799	1377	1004	1369
17804	1377	1004	1371
17809	1377	1004	1371
17814	1377	1004	1371
17819	1377	1004	1373
17824	1377	1004	1373
17829	1377	1004	1373
17834	1377	1004	1374
17839	1377	1004	1374
17844	1377	1004	1374
17849	1377	1004	1375
17854	1377	1004	1375
17863	1377	1004	1375
17868	1377	1004	1375
17874	1377	1004	1375
17883	1281	1004	1375
17889	1281	1004	1375
17894	1281	1004	1376
17899	1281	1004	1376
17904	1281	1004	1376
17909	1281	1004	1376
17919	1281	1004	1376
17924	1281	1004	1376
17929	1281	1004	1376
17934	1281	1004	1376
17939	1281	1004	1376
17944	1281	1004	1376
17949	1281	1004	1376
17954	1281	1004	1376
17964	1281	1004	1376
17969	1281	1004	1376
17979	1281	1004	1376
17988	1281	1004	1376
17993	1281	1004	1376
17998	1281	1004	1376
18003	1281	1004	1376
18008	1281	1004	1376
18013	1281	1004	1376
18018	1281	1004	1376
18023	1281	1004	1376
18028	1281	1004	1376
18033	1281	1004	1376
18038	1281	1004	1376
18043	1281	1004	1376
18048	1281	1004	1376
18054	1281	1004	1376
18063	1281	1004	1376
18068	1281	1004	1376
18073	1281	1004	1376
18078	1281	1004	1376
18084	1281	1004	1376
18089	1281	1004	1376
18098	1281	1004	1376
18103	1281	1004	1376
18108	1281	1004	1376
18113	1281	1004	1376
18118	1281	1004	1376
18123	1281	1004	1376
18128	1281	1004	1376
18133	1281	1004	1376
18138	1281	1004	1376
18143	1281	1004	1376
18148	1281	1004	1376
18153	1281	1004	1376
18158	1281	1004	1376
18163	1281	1004	1376
18168	1281	1004	1376
18173	1281	1004	1376
18178	1281	1004	1376
18183	1281	1004	1376
18189	1281	1004	1376
18198	1281	1004	1376
18203	1281	1004	1376
18208	1281	1004	1376
18213	1281	1004	1376
18219	1281	1004	1376
18228	1281	1004	1375
18233	1281	1004	1375
18239	1281	1004	1372
18244	1281	1004	1372
18249	1281	1004	1371
18254	1281	1004	1369
18259	1281	1004	1366
18264	1281	1004	1366
18269	1281	1004	1363
18274	1281	1004	1359
18279	1281	1004	1359
18284	1281	1004	1355
18289	1281	1004	1350
18294	1281	1004	1350
18299	1281	1004	1345
18304	1281	1004	1340
18309	1281	1004	1340
18314	1281	1004	1335
18319	1281	1004	1331
18324	1281	1004	1331
18329	1281	1004	1326
18334	1281	1004	1323
18339	1281	1004	1323
18344	1281	1004	1319
18349	1281	1004	1317
18354	1281	1004	1317
18359	1281	1004	1314
18364	1281	1004	1312
18369	1281	1004	1312
18374	1281	1004	1310
18379	1281	1004	1308
18384	1281	1004	1308
18389	1281	1004	1307
18394	1281	1004	1305
18403	1281	1004	1305
18408	1281	1004	1303
18413	1281	1004	1303
18418	1281	1004	1303
18423	1281	1004	1303
18429	1281	1004	1303
18434	1281	1004	1302
18439	1281	1004	1302
18448	1281	1004	1302
18453	1281	1004	1301
18458	1281	1004	1301
18463	1281	1004	1301
18468	1281	1004	1300
18473	1281	1004	1300
18478	1281	1004	1300
18483	1281	1004	1300
18488	1281	1004	1300
18493	1281	1004	1299
18498	1281	1004	1299
18503	1281	1004	1299
18508	1281	1004	1299
18513	1281	1004	1299
18518	1281	1004	1299
18523	1281	1004	1299
18528	1281	1004	1298
18533	1281	1004	1298
18538	1281	1004	1297
18543	1281	1004	1297
18548	1281	1004	1297
18554	1281	1004	1297
18559	1281	1004	1295
18568	1281	1004	1294
18573	1281	1004	1293
18579	1281	1004	1293
18584	1281	1004	1292
18589	1281	1004	1292
18598	1281	1004	1290
18603	1281	1004	1290
18608	1281	1004	1290
18613	1281	1004	1289
18618	1281	1004	1289
18623	1281	1004	1289
18628	1281	1004	1287
18633	1281	1004	1286
18638	1281	1004	1286
18643	1281	1004	1285
18648	1281	1004	1284
18653	1281	1004	1284
18658	1281	1004	1283
18663	1281	1004	1283
18668	1281	1004	1283
18674	1281	1004	1283
18679	1281	1004	1281
18689	1281	1004	1281
18698	1281	1004	1281
18703	1281	1004	1280
18708	1281	1004	1280
18713	1281	1004	1280
18718	1281	1004	1280
18723	1281	1004	1280
18728	1281	1004	1280
18733	1281	1004	1280
18738	1281	1004	1280
18743	1281	1004	1280
18748	1281	1004	1280
18753	1281	1004	1280
18759	1281	1004	1280
18768	1281	1004	1280
18773	1281	1004	1280
18778	1281	1004	1280
18783	1281	1004	1280
18789	1281	1004	1280
18798	1281	1004	1280
18803	1281	1004	1280
18808	1281	1004	1280
18813	1281	1004	1280
18819	1281	1004	1280
18828	1281	1004	1280
18833	1281	1004	1280
18838	1281	1004	1280
18849	1281	1004	1280
18855	1281	1004	1280
18864	1281	1004	1280
18873	1281	1004	1280
18878	1281	1004	1280
18883	1281	1004	1280
18889	1281	1004	1280
18894	1281	1004	1280
18899	1281	1004	1280
18904	1281	1004	1281
18913	1281	1004	1281
18918	1281	1004	1281
18923	1281	1004	1281
18928	1281	1004	1281
18934	1281	1004	1281
18943	1281	1004	1281
18948	1281	1004	1281
18953	1281	1004	1281
18958	1281	1004	1281
18963	1281	1004	1281
18968	1281	1004	1281
18974	1281	1004	1281
18984	1281	1004	1281
18993	1281	1004	1281
18998	1281	1004	1281
19004	1281	1004	1281
19013	1281	1004	1281
19018	1281	1004	1281
19023	1281	1004	1281
19029	1281	1004	1281
19034	1281	1004	1281
19044	1281	1004	1281
19053	1281	1004	1281
19059	1281	1004	1281
19068	1281	1004	1281
19074	1281	1004	1281
19083	1281	1004	1281
19089	1281	1004	1281
19098	1281	1004	1281
19103	1281	1004	1281
19108	1281	1004	1281
19113	1281	1004	1281
19118	1281	1004	1281
19124	1281	1004	1281
19133	1281	517	1281
19138	1281	517	1281
19143	1281	517	1281
19148	1281	517	1281
19153	1281	517	1281
19158	1281	517	1281
19163	1281	517	1281
19168	1281	517	1281
19174	1281	517	1281
19183	1281	517	1281
19189	1281	517	1281
19198	1281	517	1281
19204	1281	517	1281
19213	1281	517	1281
19219	1281	517	1281
19228	1281	517	1281
19233	1281	517	1281
19238	1281	517	1281
19243	1281	517	1281
19249	1281	517	1281
19258	1281	517	1281
19264	1281	517	1281
19273	1281	517	1281
19279	1281	517	1281
19288	1281	517	1281
19294	1281	517	1281
19303	1281	517	1281
19309	1281	517	1281
19318	1281	517	1281
19324	1281	517	1281
19334	1281	517	1281
19339	1281	517	1281
19348	1281	517	1281
19354	1281	517	1281
19363	1281	517	1281
19368	1281	517	1281
19373	1281	517	1281
19378	1281	517	1281
19383	1281	517	1281
19389	1281	517	1281
19398	1281	517	1281
19403	1281	517	1281
19408	1281	517	1281
19414	1281	517	1281
19423	1281	517	1282
19429	1281	517	1282
19434	1281	517	1282
19439	1281	517	1282
19444	1281	517	1282
19454	1281	517	1281
19459	1281	517	1281
19468	1281	517	1280
19474	1281	517	1280
19483	1281	517	1278
19489	1281	517	1277
19498	1281	517	1277
19504	1281	517	1277
19513	1281	517	1274
19518	1281	517	1274
19523	1281	517	1272
19528	1281	517	1271
19533	1281	517	1271
19538	1281	517	1269
19543	1281	517	1267
19549	1281	517	1267
19558	1281	517	1263
19564	1281	517	1263
19573	1281	517	1260
19579	1281	517	1260
19588	1281	517	1257
19593	1281	517	1257
19598	1281	517	1256
19603	1281	517	1254
19609	1281	517	1254
19618	1281	517	1251
19623	1281	517	1251
19628	1281	517	1250
19633	1281	517	1248
19638	1281	517	1248
19643	1281	517	1246
19648	1281	517	1244
19653	1281	517	1244
19658	1281	517	1243
19663	1281	517	1241
19669	1281	517	1241
19674	1281	517	1240
19679	1281	517	1239
19688	1281	517	1238
19693	1281	517	1238
19699	1281	517	1238
19708	1281	517	1236
19713	1281	517	1236
19718	1281	517	1236
19723	1281	517	1236
19728	1281	517	1236
19733	1281	517	1236
19738	1281	517	1236
19744	1281	517	1236
19753	1281	517	1237
19759	1281	517	1237
19769	1281	517	1239
19774	1281	517	1239
19784	1281	517	1240
19790	1281	517	1242
19799	1158	517	1243
19804	1158	517	1245
19813	1158	517	1249
19819	1158	517	1249
19824	1158	517	1250
19829	1158	517	1252
19834	1158	517	1252
19839	1158	517	1254
19844	1158	517	1256
19849	1158	517	1256
19854	1158	517	1257
19859	1158	517	1259
19864	1158	517	1259
19869	1158	517	1260
19874	1158	517	1261
19879	1158	517	1261
19884	1158	517	1262
19889	1158	517	1263
19894	1158	517	1263
19903	1158	517	1265
19909	1158	517	1265
19914	1158	517	1266
19919	1158	517	1267
19924	1158	517	1267
19929	1158	517	1269
19934	1158	517	1269
19939	1158	517	1269
19944	1158	517	1271
19949	1158	517	1271
19954	1158	517	1271
19963	1158	517	1272
19968	1158	517	1272
19973	1158	517	1272
19978	1158	517	1273
19983	1158	517	1273
19988	1158	517	1273
19993	1158	517	1273
19998	1158	517	1273
20003	1158	517	1273
20008	1158	517	1273
20013	1158	517	1273
20018	1158	517	1274
20023	1158	517	1274
20028	1158	517	1274
20033	1158	517	1274
20038	1158	517	1274
20043	1158	517	1274
20048	1158	517	1274
20053	1158	517	1274
20058	1158	517	1274
20063	1158	517	1274
20068	1158	517	1274
20073	1158	517	1274
20078	1158	517	1274
20083	1158	517	1274
20089	1158	517	1274
20098	1158	517	1272
20104	1158	517	1272
20109	1158	517	1270
20118	1158	517	1269
20123	1158	517	1267
20128	1158	517	1265
20133	1158	517	1265
20138	1158	517	1262
20143	1158	517	1259
20148	1158	517	1259
20153	1158	517	1256
20158	1158	517	1252
20163	1158	517	1252
20168	1158	517	1249
20173	1158	517	1245
20178	1158	517	1245
20183	1158	517	1241
20188	1158	517	1237
20193	1158	517	1237
20198	1158	517	1232
20203	1158	517	1229
20208	1158	517	1229
20213	1158	517	1225
20218	1158	517	1222
20223	1158	517	1222
20228	1158	517	1219
20233	1158	517	1217
20238	1158	517	1217
20243	1158	517	1215
20248	1158	517	1212
20253	1158	517	1212
20258	1158	517	1210
20263	1158	517	1207
20268	1158	517	1207
20273	1158	517	1205
20278	1158	517	1202
20283	1158	517	1202
20288	1158	442	1198
20293	1158	442	1195
20298	1158	442	1195
20303	1158	442	1192
20309	1158	442	1190
20318	1158	442	1187
20323	1158	442	1185
20328	1158	442	1185
20333	1158	442	1183
20339	1158	442	1181
20348	1158	442	1180
20353	1158	442	1179
20358	1158	442	1179
20363	1158	442	1178
20369	1158	442	1176
20378	1158	442	1175
20383	1158	442	1173
20388	1158	442	1173
20393	1158	442	1172
20399	1158	442	1171
20408	1158	442	1170
20413	1158	442	1169
20418	1158	442	1169
20423	1158	442	1169
20429	1158	442	1168
20438	1158	442	1168
20444	1158	442	1166
20453	1158	442	1166
20459	1158	442	1165
20468	1158	442	1165
20474	1158	442	1164
20479	1158	442	1164
20484	1158	442	1164
20489	1158	442	1164
20498	1158	442	1163
20503	1158	442	1163
20508	1158	442	1163
20513	1158	442	1163
20518	1158	442	1163
20523	1158	442	1163
20528	1158	442	1163
20533	1158	442	1163
20538	1158	442	1163
20543	1158	442	1163
20548	1158	442	1163
20553	1158	442	1162
20558	1158	442	1162
20563	1158	442	1162
20568	1158	442	1162
20573	1158	442	1162
20578	1158	442	1162
20583	1158	442	1161
20588	1158	442	1161
20593	1158	442	1161
20598	1158	442	1161
20603	1158	442	1161
20608	1158	442	1161
20613	1158	442	1161
20618	1158	442	1161
20624	1158	442	1161
20633	1158	442	1160
20638	1158	442	1160
20643	1158	442	1160
20648	1158	442	1159
20653	1158	442	1159
20658	1158	442	1159
20663	1158	442	1159
20668	1158	442	1159
20673	1158	442	1159
20678	1158	442	1159
20683	1158	442	1159
20688	1158	442	1159
20693	1158	442	1159
20699	1158	442	1159
20708	1158	442	1159
20713	1158	442	1159
20718	1158	442	1159
20723	1158	442	1159
20728	1158	442	1159
20733	1158	442	1159
20738	1158	442	1159
20744	1158	442	1159
20753	1158	442	1159
20759	1158	442	1159
20768	1158	442	1159
20774	1158	442	1159
20783	1158	442	1159
20789	1158	442	1159
20798	1158	442	1159
20804	1158	442	1159
20813	1158	442	1159
20819	1158	442	1159
20828	1158	442	1159
20834	1158	442	1159
20843	1158	442	1159
20849	1158	442	1159
20858	1158	442	1159
20864	1158	442	1159
20873	1158	442	1159
20878	1158	442	1159
20883	1158	442	1159
20888	1158	442	1159
20893	1158	442	1159
20898	1158	442	1159
20903	1158	442	1159
20908	1158	442	1159
20913	1158	442	1159
20918	1158	442	1159
20924	1158	442	1159
20933	1158	442	1159
20939	1158	442	1159
20948	1158	442	1159
20954	1158	442	1159
20963	1158	442	1159
20968	1158	442	1159
20973	1158	442	1159
20978	1158	442	1159
20984	1158	442	1159
20993	1158	442	1159
20999	1158	442	1159
21008	1158	442	1159
21014	1158	442	1159
21023	1023	442	1159
21029	1023	442	1159
21038	1023	442	1159
21044	1023	442	1159
21053	1023	442	1159
21058	1023	442	1159
21063	1023	442	1159
21068	1023	442	1159
21073	1023	442	1159
21078	1023	442	1159
21083	1023	442	1159
21089	1023	442	1159
21098	1023	1728	1159
21104	1023	1728	1159
21109	1023	1728	1159
21119	1023	1728	1159
21128	1023	1728	1159
21134	1023	1728	1159
21144	1023	1728	1159
21153	1023	1728	1159
21158	1023	1728	1159
21163	1023	1728	1159
21168	1023	1728	1159
21173	1023	1728	1159
21178	1023	1728	1159
21183	1023	1728	1159
21188	1023	1728	1159
21193	1023	1728	1159
21199	1023	1728	1159
21208	1023	1728	1159
21213	1023	1728	1159
21218	1023	1728	1159
21223	1023	1728	1159
21229	1023	1728	1159
21238	1023	1728	1159
21243	1023	1728	1159
21248	1023	1728	1159
21253	1023	1728	1159
21258	1023	1728	1159
21263	1023	1728	1159
21268	1023	1728	1159
21273	1023	1728	1159
21278	1023	1728	1159
21283	1023	1728	1159
21288	1023	1728	1159
21293	1023	1728	1159
21299	1023	1728	1159
21308	1023	1728	1159
21313	1023	1728	1159
21318	1023	1728	1159
21323	1023	1728	1159
21328	1023	1728	1159
21333	1023	1728	1159
21338	1023	1728	1159
21344	1023	1728	1159
21353	1023	1728	1159
21359	1023	1728	1159
21368	1023	1728	1159
21374	1023	1728	1159
21385	1023	1728	1159
21393	1023	1728	1160
21398	1023	1728	1160
21404	1023	1728	1160
21409	1023	1728	1161
21414	1023	1728	1161
21419	1023	1728	1161
21428	1023	1728	1161
21435	1023	1728	1161
21444	1023	1728	1160
21449	1023	1728	1160
21454	1023	1728	1158
21459	1023	1728	1156
21464	1023	1728	1156
21473	1023	1728	1151
21479	1023	1728	1151
21488	1023	1728	1144
21494	1023	1728	1144
21503	1023	1728	1135
21509	1023	1728	1135
21514	1023	1728	1130
21519	1023	1728	1125
21524	1023	1728	1125
21529	1023	1728	1119
21534	1023	1728	1119
21539	1023	1728	1113
21544	1023	1728	1106
21549	1023	1728	1099
21554	1023	1728	1099
21559	1023	1728	1092
21564	1023	1728	1085
21569	1023	1728	1085
21574	1023	1728	1079
21579	1023	1728	1073
21584	1023	1728	1073
21589	1023	1728	1068
21594	1023	1728	1068
21599	1023	1728	1062
21604	1023	1728	1057
21609	1023	1728	1053
21618	1023	1728	1048
21623	1023	1728	1044
21628	1023	1728	1044
21633	1023	1728	1040
21638	1023	1728	1037
21643	1023	1728	1037
21648	1023	1728	1034
21653	1023	1728	1031
21658	1023	1728	1031
21663	1023	1728	1029
21668	1023	1728	1027
21674	1023	1728	1027
21683	1023	1728	1026
21688	1023	1728	1026
21693	1023	1728	1025
21698	1023	1728	1025
21703	1023	1728	1025
21708	1023	1728	1025
21713	1023	1728	1025
21718	1023	1728	1025
21723	1023	1728	1025
21728	1023	1728	1025
21733	1023	1728	1025
21738	1023	1728	1025
21743	1023	1728	1025
21748	1023	1728	1025
21753	1023	1728	1025
21758	1023	1728	1025
21763	1023	1728	1025
21768	1023	1728	1025
21773	1023	1728	1025
21778	1023	1728	1025
21783	1023	1728	1025
21788	1023	1728	1025
21793	1023	1728	1025
21798	1023	1728	1025
21803	1023	1728	1025
21808	1023	1728	1025
21813	1023	1728	1025
21818	1023	1728	1025
21823	1023	1728	1025
21828	1023	1728	1025
21833	1023	1728	1025
21838	1023	1728	1025
21843	1023	1728	1025
21848	1023	1728	1025
21853	1023	1728	1025
21858	1023	1728	1025
21863	1023	1728	1025
21868	1023	1728	1025
21873	1023	1728	1025
21878	1023	1728	1025
21883	1023	1728	1025
21888	1023	1728	1025
21893	1023	1728	1025
21898	1023	1728	1025
21903	1023	1728	1025
21908	1023	1728	1025
21913	1023	1728	1025
21918	1023	1728	1025
21923	1023	1728	1025
21928	1023	1728	1025
21933	1023	1728	1025
21938	1023	1728	1025
21943	1023	1728	1025
21949	1023	1728	1025
21954	1023	1728	1025
21963	1023	1728	1025
21968	1023	1728	1025
21974	1023	1728	1025
21983	1023	1728	1025
21988	1023	1728	1025
21993	1023	1728	1025
21999	1023	1728	1025
22008	1023	1728	1025
22014	1023	1728	1025
22023	1023	1728	1025
22028	1023	1728	1025
22033	1023	1728	1025
22038	1023	1728	1025
22043	1023	1728	1025
22048	1023	1728	1025
22053	1023	1728	1025
22058	1023	1728	1025
22063	1023	1728	1025
22068	1023	1728	1025
22073	1023	1728	1025
22078	1023	1728	1025
22083	576	1728	1025
22088	576	1728	1025
22093	576	1728	1025
22098	576	1728	1025
22103	576	1728	1025
22108	576	1728	1025
22113	576	1728	1025
22118	576	1728	1025
22123	576	1728	1025
22128	576	1728	1025
22133	576	1728	1025
22138	576	1728	1025
22143	576	1728	1025
22148	576	1728	1025
22153	576	1728	1025
22158	576	1728	1025
22163	576	1728	1025
22168	576	1728	1025
22173	576	1728	1025
22178	576	1728	1024
22183	576	1728	1024
22188	576	1728	1024
22193	576	1728	1024
22198	576	1728	1024
22203	576	1728	1024
22209	576	1728	1024
22218	576	1728	1024
22223	576	1728	1024
22228	576	1728	1024
22233	576	1728	1024
22238	576	1228	1024
22243	576	1228	1024
22248	576	1228	1024
22254	576	1228	1024
22263	576	1228	1023
22268	576	1228	1023
22273	576	1228	1023
22278	576	1228	1023
22283	576	1228	1023
22288	576	1228	1023
22293	576	1228	1023
22298	576	1228	1023
22303	576	1228	1023
22308	576	1228	1023
22314	576	1228	1023
22323	576	1228	1023
22329	576	1228	1023
22338	576	1228	1023
22344	576	1228	1023
22353	576	1228	1023
22359	576	1228	1023
22368	576	1228	1023
22374	576	1228	1023
22383	576	1228	1022
22389	576	1228	1022
22394	576	1228	1022
22399	576	1228	1021
22404	576	1228	1021
22413	576	1228	1019
22419	576	1228	1018
22428	576	1228	1016
22434	576	1228	1014
22443	576	1228	1011
22449	576	1228	1011
22454	576	1228	1009
22459	576	1228	1005
22464	576	1228	1001
22473	576	1228	997
22479	576	1228	993
22488	576	1228	988
22494	576	1228	988
22503	576	1228	976
22509	576	1228	968
22518	576	1228	959
22524	576	1228	950
22533	576	1228	939
22539	576	1228	939
22548	576	1228	916
22553	576	1228	916
22558	576	1228	904
22563	576	1228	891
22569	576	1228	879
22578	576	1228	868
22584	576	1228	868
22593	576	1228	845
22599	576	1228	835
22608	576	1228	824
22614	576	1228	824
22623	576	1228	805
22629	576	1228	805
22638	576	1228	786
22644	576	1228	777
22653	576	1228	768
22659	576	1228	759
22664	576	1228	759
22669	576	1228	750
22674	576	1228	750
22679	576	1228	742
22684	576	1228	735
22693	576	1228	728
22698	576	1228	721
22703	576	1228	721
22708	576	1228	715
22713	576	1228	710
22718	576	1228	710
22723	576	1228	705
22728	576	1228	700
22733	576	1228	700
22738	576	1228	695
22743	576	1228	690
22748	576	797	690
22753	576	797	685
22758	576	797	680
22763	576	797	680
22768	576	797	675
22773	576	797	670
22778	576	797	670
22783	576	797	666
22788	576	797	661
22793	576	797	661
22798	576	797	658
22803	576	797	654
22808	576	797	654
22813	576	797	650
22818	576	797	647
22823	576	797	647
22828	576	797	643
22833	576	797	640
22838	576	797	640
22843	576	797	637
22848	576	797	635
22853	576	797	635
22859	576	797	632
22864	576	797	630
22869	576	797	630
22878	576	797	627
22883	576	797	627
22888	576	797	626
22893	576	797	624
22899	576	797	624
22908	576	797	622
22914	576	797	622
22923	576	797	619
22929	576	797	619
22938	576	797	617
22944	576	797	617
22949	576	797	615
22954	576	797	614
22959	576	797	614
22964	576	797	613
22969	576	797	612
22974	576	797	612
22979	576	797	611
22984	576	797	610
22989	576	797	610
22998	576	797	609
23004	576	797	609
23009	576	797	607
23014	576	797	607
23019	576	797	607
23024	576	797	605
23029	576	797	605
23034	576	797	605
23039	576	797	604
23044	576	797	604
23049	576	797	604
23054	576	797	602
23059	576	797	602
23064	576	797	602
23069	576	797	602
23074	576	797	601
23079	576	797	601
23084	576	797	601
23089	576	797	601
23094	576	797	601
23103	576	797	600
23109	576	797	600
23118	576	797	600
23124	576	797	600
23129	576	797	599
23138	576	797	599
23143	576	797	598
23148	576	797	597
23154	576	797	597
23163	576	797	595
23168	576	797	595
23174	576	797	594
23179	576	797	593
23184	576	797	593
23193	576	797	590
23200	576	797	590
23209	576	797	587
23218	576	797	585
23224	576	797	584
23234	576	797	582
23243	576	797	580
23248	576	797	579
23254	576	797	578
23263	576	797	577
23268	576	797	576
23273	576	797	576
23279	576	797	576
23289	576	797	575
23294	576	797	575
23299	576	797	575
23304	576	797	575
23313	576	797	575
23319	576	797	575
23324	576	797	575
23334	576	797	575
23343	576	797	575
23349	576	797	575
23358	576	797	575
23364	576	797	575
23373	576	797	575
23379	576	797	575
23384	576	797	575
23394	576	797	575
23399	576	797	575
23408	576	797	575
23413	576	797	575
23418	576	797	575
23424	576	797	575
23434	576	797	575
23443	576	797	575
23449	576	797	575
23459	576	797	575
23468	576	797	575
23474	576	797	575
23483	576	797	575
23488	576	797	575
23493	576	797	575
23500	576	797	575
23508	576	797	575
23514	576	797	575
23523	576	797	575
23528	576	797	575
23533	576	797	575
23538	576	797	575
23543	576	797	575
23548	576	797	575
23553	576	797	575
23559	576	797	575
23568	576	797	575
23573	576	797	575
23578	576	797	575
23583	576	797	575
23588	576	797	575
23593	576	797	575
23599	576	797	575
23608	576	797	575
23614	576	797	575
23623	576	797	575
23628	576	797	575
23633	576	797	575
23638	576	797	575
23644	576	797	575
23653	576	797	575
23658	576	797	575
23663	576	797	575
23668	576	797	575
23673	576	797	575
23678	576	797	575
23683	576	797	575
23688	576	797	575
23693	576	797	575
23698	576	797	575
23703	576	797	575
23708	576	797	575
23713	576	797	575
23718	576	797	575
23723	576	797	575
23728	576	797	575
23734	576	797	575
23739	576	797	575
23748	576	797	575
23753	576	797	575
23758	576	797	575
23764	576	797	575
23769	576	797	575
23779	576	797	575
23788	576	797	575
23794	576	797	575
23803	576	797	575
23808	576	797	575
23813	576	797	575
23818	576	797	575
23823	576	797	575
23828	576	797	575
23833	576	797	575
23838	576	797	575
23843	576	797	575
23848	576	797	575
23853	576	797	575
23858	576	797	575
23863	576	797	575
23868	576	797	575
23873	576	797	575
23878	576	797	575
23883	576	797	575
23888	576	797	575
23893	576	797	575
23899	576	797	575
23908	576	797	575
23913	576	797	575
23918	576	797	575
23923	576	797	575
23929	576	797	575
23934	576	797	575
23944	576	797	575
23953	576	797	575
23959	576	797	575
23964	576	797	575
23969	576	797	575
23974	576	797	575
23983	576	797	575
23989	576	797	575
23998	576	797	575
24004	576	797	575
24013	576	797	575
24019	576	797	575
24024	576	797	575
24034	576	797	575
24043	576	797	575
24048	576	797	575
24053	576	797	575
24058	576	797	575
24064	576	797	575
24073	576	797	575
24078	576	797	575
24083	576	797	575
24088	576	797	575
24093	576	797	575
24098	576	797	575
24103	576	797	575
24109	576	797	575
24118	576	797	575
24124	576	797	575
24133	576	797	575
24139	576	797	575
24148	576	797	575
24153	576	797	575
24158	576	797	575
24163	576	797	575
24169	576	1366	575
24178	576	1366	575
24183	576	1366	575
24188	576	1366	575
24193	576	1366	575
24198	576	1366	575
24203	576	1366	575
24208	576	1366	575
24214	576	1366	575
24223	576	1366	576
24229	576	1366	576
24238	576	1366	576
24243	576	1366	576
24248	576	1366	576
24253	576	1366	576
24259	576	1366	576
24269	576	1366	576
24278	576	1366	576
24283	576	1366	576
24288	576	1366	576
24293	576	1366	576
24298	576	1366	576
24303	576	1366	576
24308	576	1366	575
24313	576	1366	575
24318	576	1366	575
24324	576	1366	575
24333	576	1366	575
24338	576	1366	575
24343	576	1366	575
24348	576	1366	575
24353	576	1366	575
24358	576	1366	575
24364	576	1366	575
24373	576	1366	575
24378	576	1366	575
24383	576	1366	575
24388	576	1366	575
24393	576	1366	575
24398	576	1366	575
24403	576	1366	575
24408	576	1366	575
24413	576	1366	575
24418	576	1366	575
24423	576	1366	575
24428	576	1366	575
24434	576	1366	575
24439	576	1366	575
24448	576	1366	575
24453	576	1366	576
24458	576	1366	576
24463	576	1366	576
24468	576	1366	576
24473	576	1366	576
24478	576	1366	577
24484	576	1366	577
24493	576	1366	578
24499	576	1366	578
24508	576	1366	579
24515	576	1366	579
24524	576	1366	581
24529	576	1366	581
24534	576	1366	582
24539	576	1366	584
24544	576	1366	584
24549	576	1366	585
24554	576	1366	586
24559	576	1366	586
24564	576	1366	587
24569	576	1366	587
24574	576	1366	587
24584	576	1366	588
24589	576	1366	588
24598	576	1366	589
24604	576	1366	589
24613	576	1366	589
24619	576	1366	589
24629	576	1366	588
24634	576	1366	588
24639	576	1366	588
24644	576	1366	588
24649	576	1366	588
24654	576	1366	588
24659	576	1366	588
24665	576	1366	588
24674	576	1366	587
24679	576	1366	587
24684	576	1366	587
24689	576	1366	587
24694	576	1366	587
24699	576	1366	586
24704	576	1366	586
24714	576	1366	586
24719	576	1366	586
24724	576	1366	586
24729	576	1366	586
24734	576	1366	586
24743	576	1366	586
24748	576	1366	586
24753	576	1366	586
24758	576	1366	586
24763	576	1366	586
24768	576	1366	586
24773	576	1366	586
24778	576	1366	586
24783	576	1366	586
24788	576	1366	586
24793	576	1366	586
24798	576	1366	586
24803	576	1366	586
24808	576	1366	586
24813	576	1366	586
24818	576	1366	586
24823	576	1366	586
24828	576	1366	586
24833	576	1366	586
24838	576	1366	586
24843	576	1366	586
24848	576	1366	586
24853	576	1366	586
24858	576	1366	586
24863	576	1366	586
24868	576	1366	586
24873	576	1366	586
24878	576	1366	586
24883	576	1366	586
24888	576	1366	586
24893	576	1366	586
24898	576	1366	586
24903	576	1366	586
24908	576	1366	586
24913	576	1366	586
24918	576	1366	586
24923	576	1366	586
24928	576	1366	586
24933	576	1366	586
24939	576	1366	586
24948	576	1366	586
24953	576	1366	586
24958	576	1366	586
24963	576	1366	586
24968	576	1366	585
24973	576	1366	585
24978	576	1366	585
24983	576	1366	585
24989	576	1366	584
24998	576	1366	584
25004	576	1366	584
25010	576	1366	584
25019	576	1366	583
25028	576	1366	582
25033	576	1366	582
25038	576	1366	582
25043	576	1366	581
25048	576	1366	581
25053	576	1366	581
25058	576	1366	580
25063	576	1366	580
25068	576	1366	580
25073	604	1366	579
25078	604	1366	579
25084	604	1366	579
25089	604	1366	577
25094	604	1366	577
25103	604	1366	576
25109	604	1366	576
25118	604	1366	576
25123	604	1366	576
25128	604	945	575
25133	604	945	575
25138	604	945	575
25143	604	945	575
25148	604	945	575
25153	604	945	575
25158	604	945	575
25163	604	945	575
25168	604	945	575
25174	604	945	575
25183	604	945	575
25188	604	945	574
25193	604	945	574
25199	604	945	574
25209	604	945	574
25214	604	945	574
25224	604	945	574
25229	604	945	574
25234	604	945	574
25239	604	945	574
25244	604	945	574
25254	604	945	574
25259	604	945	574
25268	604	945	574
25273	604	945	574
25278	604	945	574
25283	604	945	574
25288	604	945	574
25293	604	945	574
25298	604	945	574
25303	604	945	574
25309	604	945	574
25314	604	945	574
25319	604	945	574
25328	604	945	574
25333	604	945	574
25338	604	945	574
25343	604	945	574
25348	604	945	574
25353	604	945	575
25358	604	945	575
25363	604	945	575
25368	604	945	576
25373	604	945	576
25378	604	945	576
25383	604	945	577
25388	604	945	577
25393	604	945	577
25398	604	945	579
25403	604	945	580
25409	604	945	580
25418	604	945	581
25423	604	945	581
25428	604	945	582
25433	604	945	582
25438	604	945	583
25443	604	945	583
25448	604	945	584
25453	604	945	584
25458	604	945	584
25463	604	945	586
25468	604	945	586
25473	604	945	586
25478	604	945	587
25484	604	945	587
25493	604	945	588
25499	604	945	588
25508	604	945	588
25514	604	945	589
25523	604	945	589
25529	604	945	589
25538	604	945	589
25544	604	945	589
25553	604	945	589
25559	604	945	589
25568	604	945	589
25573	604	945	589
25578	604	945	589
25583	604	945	589
25589	604	945	589
25598	604	945	589
25604	604	945	589
25613	604	945	590
25619	604	945	590
25628	604	945	590
25634	604	945	590
25643	604	945	590
25649	604	945	590
25658	604	945	591
25664	604	945	591
25669	604	945	591
25674	604	945	592
25679	604	945	592
25688	604	945	593
25694	604	730	593
25703	604	730	595
25709	604	730	595
25719	604	730	596
25724	604	730	596
25733	604	730	597
25739	604	730	597
25748	604	730	598
25754	604	730	598
25763	604	730	599
25769	604	730	599
25774	604	730	599
25779	604	730	601
25784	604	730	601
25789	604	730	603
25799	604	730	603
25804	604	730	605
25809	604	730	605
25814	604	730	605
25823	604	730	607
25829	604	730	607
25839	604	730	608
25848	604	730	608
25853	604	730	608
25859	604	730	608
25864	604	730	608
25869	604	730	608
25874	604	730	608
25883	604	730	608
25888	604	730	608
25893	604	730	608
25898	604	730	608
25903	604	730	608
25908	604	730	608
25913	604	730	608
25918	604	730	608
25923	604	730	608
25928	604	730	608
25933	604	730	608
25938	604	730	608
25943	604	730	608
25948	604	730	608
25953	604	730	608
25958	604	730	608
25963	604	730	608
25968	604	730	608
25974	604	730	608
25983	604	730	608
25988	604	730	608
25993	604	730	608
25998	604	730	608
26003	604	730	608
26008	604	730	608
26013	604	730	608
26018	604	730	608
26023	604	730	608
26028	604	730	608
26033	604	730	608
26038	604	730	608
26043	604	730	608
26048	604	730	608
26054	604	730	608
26063	604	730	607
26069	604	730	607
26078	604	730	606
26083	604	730	606
26093	604	730	604
26099	604	730	604
26104	604	730	603
26109	604	730	603
26114	604	730	603
26123	604	730	603
26129	604	730	603
26134	604	730	602
26139	604	730	602
26144	604	730	602
26153	604	730	602
26159	604	730	602
26168	604	730	601
26174	604	730	601
26183	604	730	601
26189	604	730	601
26194	604	730	601
26199	604	730	601
26204	604	730	601
26214	604	730	601
26219	604	730	601
26228	604	730	601
26234	604	730	601
26239	604	730	600
26244	604	730	600
26249	604	730	600
26258	604	730	600
26263	604	730	600
26269	604	730	600
26274	604	730	600
26279	604	730	600
26288	604	730	600
26293	604	730	600
26298	604	730	600
26303	604	730	600
26308	604	730	600
26314	604	730	600
26319	604	730	600
26328	604	730	600
26333	604	730	600
26338	604	730	600
26343	604	730	600
26348	604	730	600
26353	604	730	600
26358	604	730	600
26363	604	730	600
26368	604	730	600
26373	604	730	600
26378	604	730	600
26383	604	730	600
26388	604	730	600
26393	604	730	600
26398	604	1179	600
26403	604	1179	600
26408	604	1179	600
26414	604	1179	600
26423	604	1179	600
26428	604	1179	600
26433	604	1179	600
26439	604	1179	600
26448	604	1179	600
26453	604	1179	600
26458	604	1179	601
26463	604	1179	601
26468	853	1179	601
26473	853	1179	601
26478	853	1179	601
26483	853	1179	601
26488	853	1179	601
26493	853	1179	601
26498	853	1179	601
26503	853	1179	601
26508	853	1179	601
26513	853	1179	602
26518	853	1179	602
26523	853	1179	602
26528	853	1179	602
26533	853	1179	602
26538	853	1179	602
26543	853	1179	602
26548	853	1179	602
26553	853	1179	602
26558	853	1179	603
26563	853	1179	603
26568	853	1179	603
26573	853	1179	603
26578	853	1179	603
26583	853	1179	603
26588	853	1179	603
26593	853	1179	603
26598	853	1179	603
26603	853	1179	603
26608	853	1179	603
26613	853	1179	603
26618	853	1179	603
26623	853	1179	603
26628	853	1179	603
26634	853	1179	603
26643	853	1179	603
26648	853	1179	603
26653	853	1179	603
26658	853	1179	603
26663	853	1179	603
26668	853	1179	603
26673	853	1179	603
26678	853	1179	603
26683	853	1179	603
26688	853	1179	603
26694	853	1179	603
26703	853	1179	603
26709	853	1179	603
26718	853	1179	603
26724	853	1179	603
26733	853	1179	603
26738	853	1179	603
26743	853	1179	603
26748	853	1179	603
26753	853	1179	603
26758	853	1179	603
26763	853	1179	603
26769	853	1179	603
26779	853	1179	603
26788	853	1179	603
26793	853	1179	603
26798	853	1179	603
26803	853	1179	603
26808	853	1179	603
26814	853	1179	603
26823	853	1179	604
26828	853	1179	604
26833	853	1179	604
26838	853	1179	606
26843	853	1179	606
26848	853	1179	607
26853	853	1179	609
26858	853	1179	609
26863	853	1179	610
26868	853	1179	612
26873	853	1179	612
26879	853	1179	614
26884	853	1179	616
26889	853	1179	619
26898	853	1179	622
26903	853	1179	622
26908	853	1179	625
26913	853	1179	628
26918	853	1179	628
26923	853	1179	632
26928	853	1179	637
26933	853	1179	637
26938	853	1179	642
26943	853	1179	647
26948	853	1179	647
26953	853	1179	652
26958	853	1179	658
26963	853	1179	664
26968	853	1179	664
26973	853	1179	672
26978	853	1179	672
26983	853	1179	679
26988	853	1179	686
26993	853	1179	686
26998	853	1179	694
27003	853	1179	700
27008	853	1179	708
27013	853	1179	708
27018	853	1624	717
27023	853	1624	717
27028	853	1624	725
27033	853	1624	732
27038	853	1624	732
27043	853	1624	739
27048	853	1624	747
27053	853	1624	747
27058	853	1624	754
27063	853	1624	762
27069	853	1624	769
27078	853	1624	775
27084	853	1624	775
27093	853	1624	789
27099	853	1624	795
27108	853	1624	801
27114	853	1624	807
27123	853	1624	812
27129	853	1624	812
27138	853	1624	821
27144	853	1624	821
27153	853	1624	828
27159	853	1624	831
27168	853	1624	834
27174	853	1624	834
27183	853	1624	839
27189	853	1624	839
27198	853	1624	843
27203	853	1624	843
27208	853	1624	845
27213	853	1624	847
27219	853	1624	847
27224	853	1624	848
27229	853	1624	849
27234	853	1624	849
27239	853	1624	850
27244	853	1624	850
27249	853	1624	850
27258	853	1624	851
27263	853	1624	851
27268	853	1624	851
27273	853	1624	851
27279	853	1624	851
27288	853	1624	851
27294	853	1624	851
27304	853	1624	851
27309	853	1624	851
27314	853	1624	852
27323	853	1624	852
27328	853	1624	852
27333	853	1624	852
27338	853	1624	852
27344	853	1624	852
27353	853	1624	853
27358	853	1624	853
27364	853	1624	853
27373	853	1624	854
27378	853	1624	854
27384	853	1624	855
27393	853	1624	855
27399	853	1624	855
27408	853	1624	855
27413	853	1624	855
27418	853	1624	855
27423	853	1624	857
27428	853	1624	857
27433	853	1624	857
27438	853	1624	857
27444	853	1624	857
27453	853	1624	857
27459	853	1624	857
27468	853	1624	857
27473	853	1624	857
27479	853	1624	857
27484	853	1624	857
27489	853	1624	857
27498	853	1624	857
27503	853	1624	857
27508	853	1624	857
27513	853	1624	857
27518	853	1624	857
27523	853	1624	857
27528	853	1624	857
27533	853	1624	857
27538	853	1624	857
27543	853	1624	857
27548	853	1442	857
27553	853	1442	857
27558	853	1442	857
27565	853	1442	857
27574	853	1442	856
27583	853	1442	856
27588	853	1442	856
27593	853	1442	856
27598	853	1442	856
27604	853	1442	855
27613	853	1442	855
27618	853	1442	855
27623	853	1442	855
27628	853	1442	855
27633	853	1442	855
27638	853	1442	855
27643	853	1442	854
27648	853	1442	854
27653	853	1442	854
27658	853	1442	854
27663	853	1442	854
27669	853	1442	854
27674	853	1442	854
27679	853	1442	853
27684	853	1442	853
27693	853	1442	853
27699	853	1442	853
27708	853	1442	853
27714	853	1442	853
27723	853	1442	853
27729	853	1442	853
27738	853	1442	853
27744	853	1442	853
27753	853	1442	853
27759	853	1442	853
27769	853	1442	853
27774	853	1442	853
27779	853	1442	853
27784	853	1442	853
27789	853	1442	853
27794	853	1442	853
27799	853	1442	853
27804	853	1442	853
27809	853	1442	853
27814	853	1442	853
27819	853	1442	853
27824	809	1442	853
27829	809	1442	853
27834	809	1442	853
27839	809	1442	853
27844	809	1442	853
27849	809	1442	853
27854	809	1442	853
27859	809	1442	853
27864	809	1442	853
27873	809	1442	853
27878	809	1442	853
27884	809	1442	853
27889	809	1442	853
27898	809	1442	853
27903	809	1442	853
27909	809	1442	853
27918	809	1442	853
27923	809	1442	853
27928	809	1442	853
27933	809	1442	853
27939	809	1442	853
27948	809	1442	853
27954	809	1442	853
27963	809	1442	853
27968	809	1442	853
27973	809	1442	853
27978	809	1442	853
27984	809	1442	853
27993	809	1442	853
27998	809	1442	853
28003	809	1442	853
28008	809	1442	853
28014	809	1442	853
28024	809	1442	853
28033	809	1442	853
28038	809	1442	853
28043	809	1442	853
28048	809	1442	853
28054	809	1442	852
28064	809	1442	852
28074	809	1442	852
28083	809	1442	852
28088	809	1442	852
28093	809	1442	852
28098	809	1442	852
28103	809	1442	852
28108	809	1442	852
28113	809	1442	852
28118	809	1442	852
28123	809	1442	852
28128	809	1442	851
28133	809	1442	851
28138	809	1442	851
28143	809	1442	851
28148	809	1442	850
28153	809	1442	850
28158	809	1442	848
28163	809	1442	848
28168	809	1442	847
28173	809	1442	847
28178	809	1442	846
28183	809	1442	845
28188	809	1442	843
28193	809	1442	843
28198	809	1442	842
28203	809	1442	840
